1.27699	3.73781	1.34912	2.18451	0.909615	1.17603	0.461271	0.649663	0.148258	0	0.0304151	0	0	0	0	0	0	0	0	0	0	0	0	0	0	0	0	0	0	0	0	0	0	0	0	0	0	0	0	0	0	0	0	0	0	0	0	0	0	0	0	0	0	0	0	0	0	0	0	0	0	0	0	0	0	0	0	0	0	0	0	0	0	0	0	0	0	0	0	0	0	0	0	0	0	0	0	0	0	0	0	0	0	0	0	0	0	0	0	0	0	0	0	0	0	0	0	0	0	0	0	
9.60038	17.9252	17.8194	20.6358	13.3027	8.77695	4.4595	2.50453	1.39341	0.883265	0.276346	0.108108	0.144799	0.0269992	0.064217	0.0118304	0	0	0	0	0	0	0	0	0	0	0	0	0	0	0	0	0	0	0	0	0	0	0	0	0	0	0	0	0	0	0	0	0	0	0	0	0	0	0	0	0	0	0	0	0	0	0	0	0	0	0	0	0	0	0	0	0	0	0	0	0	0	0	0	0	0	0	0	0	0	0	0	0	0	0	0	0	0	0	0	0	0	0	0	0	0	0	0	0	0	0	0	0	0	0	
35.2685	73.5105	92.5763	92.8912	68.5544	44.3045	29.4399	17.8391	9.79965	7.22099	3.79109	1.66638	1.20876	0.235306	0.141067	0.195092	0.165247	0	0.0832845	0	0	0	0	0	0	0	0	0	0	0	0	0	0	0	0	0	0	0	0	0	0	0	0	0	0	0	0	0	0	0	0	0	0	0	0	0	0	0	0	0	0	0	0	0	0	0	0	0	0	0	0	0	0	0	0	0	0	0	0	0	0	0	0	0	0	0	0	0	0	0	0	0	0	0	0	0	0	0	0	0	0	0	0	0	0	0	0	0	0	0	0	
97.2829	215.688	309.63	293.993	237.344	170.162	121.17	77.8986	45.5657	26.3654	17.6894	9.41706	5.08104	2.72818	1.0209	0.412658	0.549361	0.255971	0.288124	0.00788156	0	0	0	0	0	0	0	0	0	0	0	0	0	0	0	0	0	0	0	0	0	0	0	0	0	0	0	0	0	0	0	0	0	0	0	0	0	0	0	0	0	0	0	0	0	0	0	0	0	0	0	0	0	0	0	0	0	0	0	0	0	0	0	0	0	0	0	0	0	0	0	0	0	0	0	0	0	0	0	0	0	0	0	0	0	0	0	0	0	0	0	
194.27	471.598	683.065	745.765	643.922	508.527	375.906	249.558	164.337	98.1842	61.3341	36.5816	19.6459	11.5073	4.38028	2.90852	2.15585	0.959686	0.343484	0.156283	0.0389931	0	0	0.0130227	0.0116884	0	0	0	0	0	0	0	0	0	0	0	0	0	0	0	0	0	0	0	0	0	0	0	0	0	0	0	0	0	0	0	0	0	0	0	0	0	0	0	0	0	0	0	0	0	0	0	0	0	0	0	0	0	0	0	0	0	0	0	0	0	0	0	0	0	0	0	0	0	0	0	0	0	0	0	0	0	0	0	0	0	0	0	0	0	0	
316.385	839.237	1332.95	1550.33	1469.52	1228.5	951.455	671.595	474.442	299.675	191.198	113.664	68.6041	37.9319	19.6243	10.7082	5.93358	3.78037	1.61358	0.999172	0.643619	0.207324	0.178782	0.196414	0.234489	0.0738948	0	0	0	0	0	0	0	0	0	0	0	0	0	0	0	0	0	0	0	0	0	0	0	0	0	0	0	0	0	0	0	0	0	0	0	0	0	0	0	0	0	0	0	0	0	0	0	0	0	0	0	0	0	0	0	0	0	0	0	0	0	0	0	0	0	0	0	0	0	0	0	0	0	0	0	0	0	0	0	0	0	0	0	0	0	
423.751	1263.7	2147.22	2658.1	2751.48	2441.5	1987.17	1543.69	1103.5	765.462	491.886	312.573	194.388	112.951	64.1692	40.4119	22.9774	11.7806	5.87825	3.24842	2.01705	0.921644	0.676325	0.198092	0.295291	0.0793922	0.0243964	0.0369863	0.00539415	0	0	0	0	0	0	0	0	0	0	0	0	0	0	0	0	0	0	0	0	0	0	0	0	0	0	0	0	0	0	0	0	0	0	0	0	0	0	0	0	0	0	0	0	0	0	0	0	0	0	0	0	0	0	0	0	0	0	0	0	0	0	0	0	0	0	0	0	0	0	0	0	0	0	0	0	0	0	0	0	0	0	
489.499	1637.96	2947.63	3966.91	4393.25	4190.08	3644.98	2965.06	2243.19	1617.63	1103.55	730.854	464.543	289.709	176.53	105.012	62.709	35.9311	20.6753	9.72567	6.20706	3.05077	2.12057	1.1835	0.460769	0.187899	0.12419	0.225287	0.0541856	0.0245171	0	0	0	0	0	0	0	0	0	0	0	0	0	0	0	0	0	0	0	0	0	0	0	0	0	0	0	0	0	0	0	0	0	0	0	0	0	0	0	0	0	0	0	0	0	0	0	0	0	0	0	0	0	0	0	0	0	0	0	0	0	0	0	0	0	0	0	0	0	0	0	0	0	0	0	0	0	0	0	0	0	
511.615	1854.13	3605.97	5275.28	6194.55	6318.12	5855.43	4938.21	3944.45	2988.27	2136.88	1490.37	1005.03	638.108	404.622	252.732	153.28	93.8649	55.977	30.1107	17.6548	10.3981	6.91009	3.36803	2.02736	1.09356	0.490136	0.468833	0.165484	0.180175	0.000337245	0	0	0	0.0714464	0.0240171	0	0	0	0	0	0	0	0	0	0	0	0	0	0	0	0	0	0	0	0	0	0	0	0	0	0	0	0	0	0	0	0	0	0	0	0	0	0	0	0	0	0	0	0	0	0	0	0	0	0	0	0	0	0	0	0	0	0	0	0	0	0	0	0	0	0	0	0	0	0	0	0	0	0	0	
489.765	1890.57	3996.77	6163.33	7770.38	8391.22	8258.09	7365.17	6172.67	4891.79	3687.97	2662.95	1847.92	1248.83	824.552	531.705	336.116	207.988	125.748	74.7588	45.5114	26.6349	15.8449	8.9683	4.9221	3.09102	1.46309	1.29786	0.452879	0.131774	0.117969	0.0450786	0	0	0.00989218	0.0336024	0.0233931	0	0	0	0	0	0	0	0	0	0	0	0	0	0	0	0	0	0	0	0	0	0	0	0	0	0	0	0	0	0	0	0	0	0	0	0	0	0	0	0	0	0	0	0	0	0	0	0	0	0	0	0	0	0	0	0	0	0	0	0	0	0	0	0	0	0	0	0	0	0	0	0	0	0	
415.018	1746.82	3955.74	6514.04	8794.13	10100.7	10504.8	9899.8	8681.92	7218.5	5683.11	4322.76	3132.39	2219.93	1501.01	1001.96	659.75	418.926	259.859	160.675	99.1715	57.4525	35.4749	20.291	10.6832	7.14484	3.9126	2.21939	1.1612	0.950591	0.298075	0.0540437	0.0770609	0.00610796	0.010817	0.00929598	0.0179257	0.0105508	0.0180111	0.00142799	0.0174121	0	0	0	0	0	0	0	0	0	0	0	0	0	0	0	0	0	0	0	0	0	0	0	0	0	0	0	0	0	0	0	0	0	0	0	0	0	0	0	0	0	0	0	0	0	0	0	0	0	0	0	0	0	0	0	0	0	0	0	0	0	0	0	0	0	0	0	0	0	0	
324.435	1471.08	3580.73	6308.5	9035.56	11067	12132.6	12085.4	11137.8	9668.14	7966.63	6248.39	4754.58	3484.32	2463.4	1703.12	1148	765.479	490.863	314.517	195.498	123.575	75.8911	45.7436	24.9463	15.2276	9.42875	5.34404	2.71988	1.7503	0.760985	0.523415	0.387788	0.238639	0.0264225	0	0.0457008	0.0202843	0.00722335	0	0.0087973	0	0	0	0	0	0	0	0	0	0	0	0	0	0	0	0	0	0	0	0	0	0	0	0	0	0	0	0	0	0	0	0	0	0	0	0	0	0	0	0	0	0	0	0	0	0	0	0	0	0	0	0	0	0	0	0	0	0	0	0	0	0	0	0	0	0	0	0	0	0	
233.964	1140.42	3002.29	5633.4	8554.09	11108.8	12793.6	13413.4	12981.8	11868.7	10171	8293.45	6575.94	5020.92	3702.13	2657.8	1857.03	1266.21	851.432	558.081	361.388	229.169	145.188	88.7981	56.1437	33.0515	21.2357	12.7864	7.53438	4.32705	2.47024	1.53985	0.836969	0.421373	0.250975	0.112458	0.0504608	0.0654343	0	0	0.00162934	0	0	0	0	0	0	0	0	0	0	0	0	0	0	0	0	0	0	0	0	0	0	0	0	0	0	0	0	0	0	0	0	0	0	0	0	0	0	0	0	0	0	0	0	0	0	0	0	0	0	0	0	0	0	0	0	0	0	0	0	0	0	0	0	0	0	0	0	0	0	
158.185	824.287	2316.35	4639.1	7472.06	10290.7	12512.4	13717.8	13964.4	13282.9	11943.1	10172.8	8385.33	6609.48	5074.85	3769.16	2734.4	1930.32	1341.78	915.578	602.918	391.641	258.094	162.733	103.524	65.2352	39.5696	23.8741	14.8773	8.45942	5.69116	3.14137	1.4917	1.14314	0.625994	0.376247	0.12498	0.0686644	0.0350024	0.0234057	0.000955998	0	0	0	0	0	0.0179959	0.010262	0	0	0	0	0	0	0	0	0	0	0	0	0	0	0	0	0	0	0	0	0	0	0	0	0	0	0	0	0	0	0	0	0	0	0	0	0	0	0	0	0	0	0	0	0	0	0	0	0	0	0	0	0	0	0	0	0	0	0	0	0	0	0	
95.2466	559.206	1676.36	3582.07	6081.49	8853.12	11239	13061.8	13899.7	13742.4	12931.1	11506.5	9848.68	8075.25	6439.55	4976.26	3731.36	2719.95	1935.98	1358.7	930.828	625.493	422.685	276.029	181.525	112.837	69.3086	44.0638	29.7992	16.8995	10.6653	5.86531	3.62736	2.06771	1.23353	0.617016	0.510025	0.192142	0.137191	0.155209	0.0183044	0.0156001	1.72392e-05	0	0	0.00121361	0.0509837	0.0460177	0	0	0	0	0	0	0	0	0	0	0	0	0	0	0	0	0	0	0	0	0	0	0	0	0	0	0	0	0	0	0	0	0	0	0	0	0	0	0	0	0	0	0	0	0	0	0	0	0	0	0	0	0	0	0	0	0	0	0	0	0	0	0	
57.6123	356.768	1148.09	2567.8	4651.01	7114.55	9542.79	11561.1	12888.6	13313.6	13050.4	12145.8	10777.6	9207.16	7558.94	6015.06	4691.16	3522.63	2612.76	1894.23	1339.51	929.17	631.445	430.003	289.35	191.124	123.323	79.7147	51.2354	31.5499	18.6669	11.8726	7.03386	4.50154	2.7863	1.73803	1.22423	0.637686	0.183172	0.278059	0.0738265	0.108627	0.0585618	0.0010406	0.0254625	0.00882341	0.0470327	0.0640018	0	0.0347355	0	0	0	0	0	0	0	0	0	0	0	0	0	0	0	0	0	0	0	0	0	0	0	0	0	0	0	0	0	0	0	0	0	0	0	0	0	0	0	0	0	0	0	0	0	0	0	0	0	0	0	0	0	0	0	0	0	0	0	0	0	
32.0613	217.816	731.41	1751.57	3352.62	5377.67	7584.56	9549.58	11193.4	12076.1	12298.2	11937.3	10993.2	9713.68	8306.54	6887.37	5512.02	4297.61	3274.45	2434.69	1782.42	1268.5	887.066	620.899	429.247	287.449	193.249	127.798	82.0604	52.9238	33.7478	22.1165	13.8803	8.18208	5.06254	3.31507	1.54263	1.23005	0.548897	0.412273	0.340194	0.188415	0.243794	0.197383	0.131109	0.0764617	0.0457577	0.0210659	0.0425691	0.0463527	0.00328666	0.00275236	0.0037331	0.000299916	0.0256382	0.00119959	0.0011517	0.0580085	0.0436825	0.0165979	0	0	0	0	0	0	0	0	0	0	0	0	0	0	0	0	0	0	0	0	0	0	0	0	0	0	0	0	0	0	0	0	0	0	0	0	0	0	0	0	0	0	0	0	0	0	0	0	0	0	0	
18.0907	125.312	450.451	1131.34	2269.19	3837.19	5633.33	7464.96	9121.43	10273.9	10877.5	10966.5	10466.2	9649.2	8561.86	7306.48	6048.41	4894.23	3852.13	2930.47	2211.71	1637.58	1171.87	839.04	596.483	406.547	284.668	196.75	129.034	86.8637	55.3029	38.104	23.5696	15.5193	10.0026	6.92314	3.51521	2.83673	1.38411	0.836769	0.791155	0.369078	0.438889	0.160217	0.314498	0.0868946	0.0855057	0.129873	0.0673823	0.0328845	0.0149733	0	0	0	0	0	0	0.0173404	0.00205003	0	0	0	0	0	0	0	0	0	0	0	0	0	0	0	0	0	0	0	0	0	0	0	0	0	0	0	0	0	0	0	0	0	0	0	0	0	0	0	0	0	0	0	0	0	0	0	0	0	0	0	0	
10.7287	71.6461	264.768	692.162	1489.55	2593	4004.8	5540.7	7042.91	8241.72	9101	9525.25	9441.59	9032.54	8286.85	7294.68	6252.61	5190.54	4212.02	3329.87	2590.24	1962.29	1451.72	1070.21	775.773	553.585	392.528	272.272	188.694	128.585	89.4211	58.5034	38.1236	26.0397	17.3558	11.5238	6.75829	4.97489	2.8884	1.94013	1.31882	0.758814	0.490653	0.421398	0.463384	0.190633	0.0925705	0.0591432	0.0875646	0.0622135	0	0	0	0	0	0	0	0.01811	0.0235829	0	0	0	0	0	0	0	0	0	0	0	0	0	0	0	0	0	0	0	0	0	0	0	0	0	0	0	0	0	0	0	0	0	0	0	0	0	0	0	0	0	0	0	0	0	0	0	0	0	0	0	0	
5.25861	37.0439	151.907	412.47	921.45	1689.49	2696.73	3901.19	5123.17	6297.11	7195.78	7821.47	8063.57	7977.97	7545.74	6907.21	6103.87	5225.32	4364.43	3561.08	2842.64	2243.8	1712.43	1286.23	957.985	700.221	511.279	360.153	253.384	182.476	128.796	89.0843	61.8319	41.3407	28.0166	19.8014	11.1856	8.4455	4.78455	3.14831	2.0003	1.11312	0.92477	0.846608	0.474699	0.421781	0.391054	0.12711	0.0864904	0.118941	0.0322608	0.00564655	0.0119787	0	0	0	0	0.00108127	0.00248042	0	0	0	0	0	0	0	0	0	0	0	0	0	0	0	0	0	0	0	0	0	0	0	0	0	0	0	0	0	0	0	0	0	0	0	0	0	0	0	0	0	0	0	0	0	0	0	0	0	0	0	0	
2.51664	18.9992	80.8591	233.323	539.73	1039.66	1751.42	2623.6	3599.95	4577.37	5456.85	6111.08	6523.36	6634.77	6520.21	6180.49	5651.33	4979.97	4257.26	3619.21	2976.71	2421.13	1903.93	1472.48	1128.27	855.1	628.548	459.08	334.952	241.712	177.533	124.607	87.6655	59.3233	43.564	29.4839	19.2219	12.8499	8.61873	6.4652	3.74273	2.28881	1.90698	1.31476	0.768097	0.691958	0.505451	0.281925	0.130738	0.262916	0.10581	0.0565814	0.0199604	0	0	0	0	0	0.0155416	0	0	0	0	0	0	0	0	0	0	0	0	0	0	0	0	0	0	0	0	0	0	0	0	0	0	0	0	0	0	0	0	0	0	0	0	0	0	0	0	0	0	0	0	0	0	0	0	0	0	0	0	
0.869155	8.61135	41.0244	126.132	303.922	617.94	1083.37	1692.89	2409.31	3183.33	3929.75	4567.6	5036.94	5315.6	5381.24	5251.76	4964.12	4513.19	3986.53	3478.73	2966.02	2472.25	1999.55	1599.45	1253.82	981.334	751.037	567.305	423.088	304.742	226.537	166.432	118.645	84.9727	59.0406	42.3461	28.3538	20.1372	13.5744	9.56617	6.69588	4.55815	3.12107	2.18653	1.39354	1.06881	0.501537	0.461839	0.278686	0.296738	0.103775	0.109069	0.00646296	0.0238679	0.00708439	0.00279307	0.00255854	0.00305537	0.0122689	0	0	0	0	0	0	0	0	0	0	0	0	0	0	0	0	0	0	0	0	0	0	0	0	0	0	0	0	0	0	0	0	0	0	0	0	0	0	0	0	0	0	0	0	0	0	0	0	0	0	0	0	
0.306511	4.14351	20.7969	67.3616	162.157	346.116	637.582	1046.14	1549.92	2113.04	2709.01	3262.32	3732.97	4060.12	4261.12	4307.07	4172.92	3930.09	3583.09	3216.13	2815.27	2389.72	2002.44	1651.29	1335.41	1062.09	829.162	643.388	495.667	376.872	278.847	209.879	158.968	112.948	79.5924	57.0628	41.7325	29.9213	21.975	15.231	10.6848	6.85861	5.08496	3.51051	2.77513	1.93253	1.21361	0.967033	0.60088	0.576293	0.340434	0.237941	0.04532	0.0375467	0.0144843	0.0202983	0.00822288	0.0161276	0.00775909	0.0331754	0.00774032	0	0	1.77922e-05	0.00149757	0	0	0	0	0	0	0	0	0	0	0	0	0	0	0	0	0	0	0	0	0	0	0	0	0	0	0	0	0	0	0	0	0	0	0	0	0	0	0	0	0	0	0	0	0	0	
0.12656	2.21581	9.87943	32.943	87.8092	194.588	368.045	627.057	961.562	1353.07	1792.83	2240.11	2660.38	2993.22	3231.76	3363.78	3349.49	3265.93	3080.48	2846.88	2558.88	2230.41	1930.92	1619.17	1348.65	1112.98	905.301	713.706	561.307	437.683	337.81	252.894	194.558	146.64	108.733	82.0062	58.4197	41.8883	30.9322	22.0242	16.5659	11.9105	7.92917	5.98169	4.25023	2.92458	2.3671	1.5805	1.04753	0.782489	0.551122	0.203069	0.0436772	0.0345661	0.0785612	0.0675636	0.0713744	0.0323559	0.00819837	0.0330159	0.00303924	0.0071618	0.011208	0.00260716	0.0135188	0	0	0	0	0	0	0	0	0	0	0	0	0	0	0	0	0	0	0	0	0	0	0	0	0	0	0	0	0	0	0	0	0	0	0	0	0	0	0	0	0	0	0	0	0	0	
0.00103606	0.966698	4.49715	16.478	46.4214	102.577	208.26	364.724	582.786	839.156	1160.41	1497.74	1826.81	2118.75	2371.25	2537.88	2609.01	2617.17	2545	2419.12	2239.53	2014.72	1793.86	1545.37	1327.37	1112.66	925.585	754.141	609.836	489.824	389.293	298.887	232.556	179.723	139.706	103.978	77.6161	57.8537	44.0954	33.437	23.1831	18.1919	13.3397	8.51321	7.08058	4.96168	3.74334	2.60007	1.79549	1.31956	1.06953	0.598693	0.298774	0.164057	0.176402	0.0516509	0.101446	0.0525366	0.0210018	0.0252543	0.0259426	0.0319414	0.0169086	0.00498761	0.00546947	0	0	0	0	0	0	0	0	0	0	0	0	0	0	0	0	0	0	0	0	0	0	0	0	0	0	0	0	0	0	0	0	0	0	0	0	0	0	0	0	0	0	0	0	0	0	
0	0.23789	1.92172	8.22128	22.3915	53.2963	109.055	199.849	332.159	504.49	724.632	962.779	1206.82	1459.2	1671	1845.1	1967.47	2028.8	2021.39	1972.43	1890.74	1751.46	1578.01	1412.5	1242.05	1072.82	917.641	765.865	640.486	526.453	425.355	337.112	269.909	212.25	168.338	131.347	99.9498	77.5887	59.1795	44.4483	32.2486	25.8259	19.0007	13.7676	10.1888	8.04469	5.55905	4.16376	3.14315	2.13154	1.47088	1.17465	0.770477	0.40647	0.291129	0.193168	0.131533	0.2156	0.114912	0.147856	0.0595806	0.0474302	0.0233705	0.00842793	0.000418207	0	0	0	0	0	0	0	0	0	0	0	0	0	0	0	0	0	0	0	0	0	0	0	0	0	0	0	0	0	0	0	0	0	0	0	0	0	0	0	0	0	0	0	0	0	0	
0	0.0511166	0.924511	3.45115	10.5232	28.2154	58.8688	109.179	185.158	295.782	437.252	597.43	773.637	959.209	1144.85	1319.65	1428.85	1516.61	1559.82	1570.72	1541	1472.57	1369.93	1261.32	1129.88	1005.22	876.417	759.032	643.576	548.193	453.888	372.324	307.13	247.154	199.177	158.721	124.703	98.3758	74.7011	57.005	44.6518	34.4384	26.9249	20.5952	16.0152	11.5025	9.14872	5.9404	4.63445	3.12321	2.41011	1.67237	1.41639	0.704685	0.612812	0.436864	0.238119	0.149638	0.066674	0.141399	0.0645471	0.0579691	0.0220298	0.0181257	0.00199031	0.00666136	0	0	0	0	0	0	0	0	0	0	0	0	0	0	0	0	0	0	0	0	0	0	0	0	0	0	0	0	0	0	0	0	0	0	0	0	0	0	0	0	0	0	0	0	0	
0	0.02788	0.536194	1.72932	4.74724	13.7333	29.3524	57.6208	102.823	166.409	251.775	357.9	492.276	625.633	759.814	896.007	1005.46	1103.72	1165.12	1219.64	1219.87	1196.37	1146.68	1083.73	1007.68	919.943	819.914	726.77	635.123	550.956	473.37	394.91	336.978	277.864	225.988	185.113	149.659	118.806	96.1581	76.4514	59.2603	48.0109	37.1407	29.069	23.0746	17.7138	13.0188	10.3233	7.50732	5.19225	3.92856	3.08728	2.26287	1.29994	1.24921	0.693173	0.677075	0.391218	0.27541	0.182205	0.128163	0.0416351	0.0456158	0.0255379	0.0635229	0.0152352	0.0133536	0.0120211	0	0	0	0	0	0	0	0	0	0	0	0	0	0	0	0	0	0	0	0	0	0	0	0	0	0	0	0	0	0	0	0	0	0	0	0	0	0	0	0	0	0	0	
0	0	0.162065	1.14957	2.95193	6.71446	15.6724	29.8331	53.863	94.3891	145.582	214.461	296.199	395.315	499.719	595.497	690.691	778.883	853.03	909.924	947.117	958.255	938.491	911.491	871.571	813.874	750.494	679.085	611.941	540.816	473.059	414.742	356.818	302.511	257.347	211.357	176.706	141.755	119.1	95.1659	74.986	62.3713	49.1744	38.2896	31.2549	24.2131	19.369	14.8407	12.027	8.48833	6.24951	4.98523	3.66013	2.65916	1.91236	1.38131	0.928963	0.82523	0.576388	0.297942	0.212914	0.163797	0.0902445	0.0504026	0.0180821	0.0454166	0.0460779	0.012827	0.00515345	0	0	0	0	0	0	0	0	0	0	0	0	0	0	0	0	0	0	0	0	0	0	0	0	0	0	0	0	0	0	0	0	0	0	0	0	0	0	0	0	0	0	
0	0	0.0364992	0.435605	1.54007	3.21118	7.29211	15.1283	29.6621	50.0666	82.5328	122.038	176.592	243.665	318.804	398.611	474.971	542.355	612.182	667.365	706.474	736.011	742.908	741.751	733.541	711.019	665.692	622.403	572.855	528.328	470.106	419.054	371.253	322.305	284.451	240.981	203.443	171.804	143.287	116.992	96.9094	78.8856	64.9217	53.6956	43.6806	34.9994	26.4174	21.0764	17.5513	12.4987	10.2216	7.48815	5.61676	3.95228	2.8262	1.94739	1.46121	1.14769	0.657056	0.478836	0.385899	0.190502	0.0969001	0.105833	0.0865432	0.0452834	0.034154	0.0197022	0.0361304	0.00400192	0	0	0	0	0	0	0	0	0	0	0	0	0	0	0	0	0	0	0	0	0	0	0	0	0	0	0	0	0	0	0	0	0	0	0	0	0	0	0	0	0	
0	0	0.0174667	0.226892	0.736267	1.53722	4.07862	7.62551	16.2746	27.5687	45.8027	70.0141	103.202	147.392	196.705	253.711	308.009	370.179	430.902	482.955	523.097	560.127	583.579	597.421	601.609	591.259	573.411	554.693	522.825	489.533	450.965	410.506	379.364	339.46	298.402	263.212	228.228	197.938	170.586	143.901	121.477	100.755	85.4822	68.359	59.1792	47.8227	36.6169	29.6026	24.2526	19.1822	14.6187	10.1154	8.17258	6.35237	4.87223	3.68292	2.88671	2.02015	1.31932	1.00548	0.739426	0.55998	0.49366	0.269624	0.14347	0.149927	0.108999	0.0407297	0.0178622	0	0	0	0	0	0	0	0	0	0	0	0	0	0	0	0	0	0	0	0	0	0	0	0	0	0	0	0	0	0	0	0	0	0	0	0	0	0	0	0	0	0	
0	0	0.0326072	0.0505966	0.314362	0.882124	1.99226	4.4198	8.51098	16.9112	25.375	40.4556	60.684	88.6421	122.014	162.005	201.978	248.267	294.824	335.502	379.681	419.23	452.163	472.737	484.317	493.616	490.486	487.101	468.273	448.895	430.945	395.6	372.796	342.221	309.329	277.923	250.181	224.795	198.243	173.13	148.408	125.001	106.303	89.0806	73.4539	61.887	51.1156	40.4614	33.5825	26.6431	21.2275	15.9343	12.8591	10.0118	7.01902	5.56673	3.7991	3.26359	2.21977	1.57147	1.11236	0.855781	0.481883	0.3792	0.380343	0.295005	0.205352	0.136438	0.0938483	0.0301005	0	0	0	0	0	0	0	0	0	0	0	0	0	0	0	0	0	0	0	0	0	0	0	0	0	0	0	0	0	0	0	0	0	0	0	0	0	0	0	0	0	
0	0	0.0087466	0.0554656	0.130032	0.326677	0.741165	1.70323	4.3478	8.35322	13.6894	22.9792	35.1912	51.0022	73.1899	100.726	126.481	161.854	201.024	237.427	269.004	309.871	341.553	366.76	394.088	402.91	416.573	420.504	420.346	410.297	397.098	383.981	369.047	346.797	323.892	294.627	271.448	246.451	224.175	198.416	173.779	148.012	129.034	110.8	94.6146	80.9778	68.0584	56.8349	46.6815	36.5436	29.3165	23.5162	18.2855	14.4434	11.1932	8.88378	6.32177	4.78393	3.52075	2.32459	1.5149	1.32556	0.928178	0.606599	0.488048	0.411134	0.299904	0.236553	0.207269	0.100936	0.0222853	0.02433	0	0	0	0	0	0	0	0	0	0	0	0	0	0	0	0	0	0	0	0	0	0	0	0	0	0	0	0	0	0	0	0	0	0	0	0	0	0	0	
0	0	0	0.0198056	0.0689659	0.166389	0.471128	0.809095	1.85985	3.99894	7.63755	12.518	19.641	30.0594	44.2451	63.2916	82.7703	106.336	131.834	165.762	194.554	224.644	250.052	279.896	306.63	329.18	346.56	366.28	362.587	365.678	364.865	364.859	354.497	341.501	326.491	308.344	288.946	266.526	248.227	224.476	198.674	177.299	155.374	135.548	120.403	102.904	87.5762	75.306	62.9937	50.9597	40.0827	34.2505	27.0724	22.568	16.7003	13.1171	9.8499	7.85734	5.58496	3.90483	2.91594	2.2636	1.44729	1.0808	1.02589	0.821413	0.572559	0.365747	0.231637	0.136762	0.044106	0.082693	0.000530338	0	0	0	0	0	0	0	0	0	0	0	0	0	0	0	0	0	0	0	0	0	0	0	0	0	0	0	0	0	0	0	0	0	0	0	0	0	0	
0	0	0	0	0.0124061	0.0865355	0.349395	0.487359	0.967121	2.22003	3.36963	6.83341	11.1804	16.2242	25.6766	36.855	53.3756	69.3991	88.0079	113.252	134.218	158.324	184.477	212.756	243.007	262.135	282.066	305.261	314.531	320.266	332.458	337.826	339.132	336.794	330.312	316.291	304.042	285.548	267.655	250.92	226.809	209.163	186.447	167.692	147.995	131.091	114.488	96.1022	85.2969	69.6165	57.465	47.4502	39.0581	31.7108	24.6324	18.8536	14.4833	11.4117	9.18599	6.65571	5.11802	3.47868	2.35347	1.82455	1.46892	1.2392	0.807506	0.340278	0.293055	0.245931	0.125244	0.0682635	0.0192213	0.0154105	0	0	0.000863933	0.00589335	0.000592538	0.000667094	0	0	0	0	0	0	0	0	0	0	0	0	0	0	0	0	0	0	0	0	0	0	0	0	0	0	0	0	0	0	0	
0	0	0	0	0	0.0334418	0.139615	0.286242	0.587964	1.24965	2.15202	3.71814	5.60856	8.46217	14.1955	22.9673	31.3092	44.4895	58.1543	74.8862	92.2564	111.989	134.191	160.658	186.073	206.54	226.515	250.33	267.198	281.254	301.839	315.527	328.19	328.651	327.211	320.675	310.361	296.705	289.783	274.222	257.633	239.992	222.621	203.42	185.191	163.79	144.42	125.879	108.702	92.9662	77.8833	65.4478	53.6099	42.1067	34.4998	28.6534	21.531	16.4905	12.0273	9.95294	7.08382	5.66023	3.94871	2.68304	2.0409	1.36593	1.16316	0.642881	0.567838	0.293533	0.298191	0.0950259	0.112875	0.0474353	0.0278622	0.0226661	0.0277828	0.0579382	0.00734343	0.0108502	0	0	0	0	0	0	0	0	0	0	0	0	0	0	0	0	0	0	0	0	0	0	0	0	0	0	0	0	0	0	0	
0	0	0	0	0	0.0108417	0.0734761	0.135808	0.385272	0.56775	1.16243	1.79098	3.41238	4.41768	8.1712	13.0789	18.8983	28.4894	38.8483	50.2321	63.5087	79.3181	97.7786	120.053	144.941	163.188	184.269	204.801	224.543	246.162	267.325	290.221	303.096	315.766	318.427	320.325	320.839	318.021	311.768	301.222	286.845	275.798	258.487	241.235	222.454	200.9	177.722	159.913	137.455	119.768	102.066	85.9812	71.5077	60.4002	49.2342	39.3225	31.1923	24.0516	18.7338	14.2326	11.4453	8.08052	6.89183	5.126	3.58668	2.3173	2.05768	1.19807	0.878973	0.523163	0.389609	0.235277	0.240643	0.0747901	0.0324338	0.0093671	0.0509151	0.0503974	0.0106172	0.00168957	0	0	0	0	0	0	0	0	0	0	0	0	0	0	0	0	0	0	0	0	0	0	0	0	0	0	0	0	0	0	0	
0	0	0	0	0	0	0.00180155	0.0356029	0.126601	0.292196	0.502734	0.731334	1.55526	3.01288	4.70183	8.22431	11.6217	18.8669	25.3612	33.5108	43.5469	55.4642	70.9889	87.01	106.321	126.506	148.938	171.686	190.565	214.628	236.293	258.231	282.736	300.696	310.514	319.694	326.711	327.966	329.287	323.975	316.814	307.411	297.1	283.469	261.98	243.72	217.327	197.326	174.121	155.972	136.168	115.759	96.2634	81.9635	67.0392	55.9042	45.8605	35.2991	27.9176	21.6079	16.36	11.5523	9.69939	7.09474	5.25536	3.79609	2.65023	2.15227	1.59927	1.13696	0.61362	0.399561	0.398564	0.207321	0.120045	0.142219	0.104913	0.0599673	0.0315796	0.032299	0.000661786	0	0	0	0	0	0	0	0	0	0	0	0	0	0	0	0	0	0	0	0	0	0	0	0	0	0	0	0	0	0	
0	0	0	0	0	0	0	0.00811662	0.0402907	0.0914306	0.221886	0.535686	1.18891	1.95674	3.26388	4.34697	7.24592	11.4581	16.6308	22.3435	29.8132	38.6527	50.9781	63.2765	79.9681	99.0292	119.87	140.625	162.11	186.923	210.669	233.451	256.626	276.365	297.305	315.433	329.71	337.745	348.853	350.329	349.54	344.494	333.119	319.217	304.493	290.021	264.176	239.212	220.342	197.327	169.405	149.734	127.819	110.34	92.5819	76.7394	61.7931	50.9741	40.6813	33.3172	25.3177	18.8944	14.7957	10.4255	8.00696	6.81617	4.80434	3.19068	2.30751	1.50027	1.00335	0.808105	0.437636	0.286568	0.196356	0.120017	0.140798	0.045089	0.0496521	0.0243479	0.0220168	0.0075302	0.00424965	0	0	0	0	0	0	0	0	0	0	0	0	0	0	0	0	0	0	0	0	0	0	0	0	0	0	0	0	
0	0	0	0	0	0	0	0	0.00651655	0.030738	0.13603	0.230022	0.658384	1.01174	1.83326	2.36423	4.47994	6.9751	11.2372	14.6833	19.1199	27.2239	36.0027	46.3643	60.4838	78.1566	95.5653	114.541	137.061	160.431	182.424	207.674	236.368	261.718	286.643	311.339	328.763	346.217	360.324	376.237	381.098	380.978	376.182	364.837	353.288	338.588	317.659	292.998	269.32	242.807	218.542	189.315	165.612	147.602	124.377	104.51	86.0029	70.4042	57.9176	46.3175	36.4834	28.3272	22.3562	16.9689	12.4003	10.1395	7.31958	4.96363	3.29161	2.28332	1.40204	0.914657	0.910649	0.59443	0.398806	0.262164	0.246541	0.173602	0.0838732	0.0313017	0.029439	0.0441951	0.00812006	0	0	0	0	0	0	0	0	0	0	0	0	0	0	0	0	0	0	0	0	0	0	0	0	0	0	0	0	
0	0	0	0	0	0	0	0	0	0.0516427	0.0869434	0.185446	0.504	0.632595	0.815694	1.91922	2.81584	4.1885	6.72448	8.91247	12.9381	17.741	24.6517	34.6938	47.4618	61.1996	75.9219	94.7705	114.192	139.654	160.561	187.55	214.927	241.9	273.967	303.256	331.995	357.393	374.578	392.666	414.658	421.686	419.779	410.452	405.422	390.76	372.371	350.708	327.176	298.715	273.515	241.608	216.262	190.442	164.128	138.906	116.64	95.3563	79.2317	65.6973	52.8627	40.7821	31.5024	23.6551	19.4961	14.3217	11.034	8.01264	5.7103	3.72928	2.77033	1.78531	1.35511	0.92438	0.704487	0.58767	0.373331	0.228934	0.150749	0.0981306	0.0908376	0.0454896	0.00906697	0.00555459	0.00261952	0.000912252	0	0	0	0	0	0	0	0	0	0	0	0	0	0	0	0	0	0	0	0	0	0	0	0	0	
0	0	0	0	0	0	0	0	0	0.0145127	0.122943	0.154555	0.226023	0.461871	0.713483	1.03139	1.67541	2.98043	4.08373	6.16495	8.53057	11.2088	17.725	24.1106	34.3328	46.4373	60.2321	78.3249	97.0731	119.288	141.185	169.558	197.922	228.887	258.834	289.617	329.965	360.136	387.077	411.032	438.528	452.606	462.851	463.981	461.064	452.324	432.192	416.93	393.149	367.168	339.798	307.854	276.058	243.119	213.359	182.445	153.857	130.593	107.006	86.9678	68.5846	55.0689	43.3725	33.0239	25.8709	21.2041	15.6803	11.7164	8.43057	5.81696	4.21741	2.78151	2.13224	1.648	1.29956	0.844525	0.591823	0.309721	0.229734	0.0992033	0.0547975	0.0534478	0.00865317	0.00922971	0.01215	0	0	0	0	0	0	0	0	0	0	0	0	0	0	0	0	0	0	0	0	0	0	0	0	0	0	
0	0	0	0	0	0	0	0	0	0.0127448	0.0242673	0.128129	0.184036	0.357214	0.495575	0.684509	0.988655	1.97472	2.64734	3.96319	5.89958	9.25876	12.7691	17.9121	25.9588	35.1337	48.1947	63.7388	80.7817	97.7897	123.035	150.138	180.833	211.376	246.458	285.423	325.602	361.891	395.817	426.604	460.782	487.085	501.725	514.133	518.01	522.248	508.928	491.873	466.263	444.415	412.312	379.4	342.084	306.273	269.03	234.253	198.054	169.556	142.81	116.842	94.8486	74.9805	59.6192	46.7906	37.0407	28.8936	22.866	16.4085	12.2758	8.88254	6.92563	4.801	3.30292	2.5919	1.58813	1.15956	0.738674	0.479782	0.244766	0.207181	0.1285	0.116429	0.0591136	0.0398617	0.00840269	0.0181287	0	0	0	0	0	0	0	0	0	0	0	0	0	0	0	0	0	0	0	0	0	0	0	0	0	
0	0	0	0	0	0	0	0	0	0.0135256	0.076831	0.0456044	0.0748674	0.227167	0.326967	0.478436	0.807762	0.974378	1.38906	2.55517	3.75796	6.54232	10.0013	13.2957	20.311	28.7622	38.301	52.5527	67.3059	84.1325	104.877	132.868	165.05	194.379	232.524	274.227	316.316	356.797	398.853	446.18	482.204	515.45	541.491	564.301	577.889	587.7	582.57	566.195	553.027	528.284	496.376	459.404	419.019	378.629	334.788	296.258	256.617	217.576	185.293	155.538	128.292	103.744	82.165	65.0928	50.4114	39.8864	31.3049	22.6367	17.5971	13.1626	9.24113	6.84981	5.16229	3.55555	2.47345	1.6403	1.17319	0.756965	0.41295	0.290616	0.269913	0.116993	0.08409	0.0368202	0.014525	0.00479882	0.000355999	0	0	0	0	0	0	0	0	0	0	0	0	0	0	0	0	0	0	0	0	0	0	0	0	
0	0	0	0	0	0	0	0	0	0.0100336	0.0758701	0.0141258	0.00736462	0.136249	0.149268	0.432812	0.52363	0.503647	0.889083	1.54531	2.0267	4.51346	7.42524	10.3775	15.2081	21.05	29.1347	42.2646	56.0142	72.17	92.6252	118.668	147.278	180.621	222.859	263.885	305.227	357.532	403.206	452.226	499.623	542.422	583.511	615.993	634.889	652.249	652.107	649.635	644.06	619.388	584.72	546.426	501.296	459.792	414.78	367.983	320.561	276.513	235.045	198.518	167.14	137.265	112.521	89.8341	70.8611	54.6149	41.2989	31.6669	23.3196	17.7816	12.8916	9.65463	7.22036	4.77023	3.06507	2.2419	1.66722	1.11809	0.788972	0.462767	0.305735	0.196938	0.111576	0.0718437	0.0268912	0.00190743	0.00112944	0	0	0	0	0	0	0	0	0	0	0	0	0	0	0	0	0	0	0	0	0	0	0	0	
0	0	0	0	0	0	0	0	0	0	0.0248055	0.0114794	0.017839	0.0692713	0.0872454	0.241944	0.362091	0.428251	0.628457	1.13939	2.01288	3.27407	4.92015	7.50604	11.5737	16.7003	23.9656	34.7238	45.7058	61.7164	79.7608	105.994	133.34	166.928	205.246	247.909	293.517	346.127	399.355	455.7	513.9	568.365	617.752	660.813	695.697	719.746	734.989	739.255	735.364	718.019	684.651	646.133	604.894	551.329	500.599	452.603	400.064	349.727	299.804	254.073	214.648	178.597	144.572	116.797	93.5768	72.0627	56.7953	43.9044	32.9498	24.5417	18.0836	13.5119	10.462	7.04202	4.80389	3.61327	2.38947	1.90878	1.2749	0.68994	0.516409	0.333265	0.17574	0.10656	0.106027	0.0482937	0.0484882	0.035287	0	0	0	0	0	0	0	0	0	0	0	0	0	0	0	0	0	0	0	0	0	0	0	
0	0	0	0	0	0	0	0	0	0	0	0	0.0187073	0.0588945	0.0909333	0.0976418	0.167745	0.244622	0.459584	0.837402	1.66326	2.44391	3.85344	5.7782	9.05389	12.8746	19.0713	27.4861	37.0586	51.9371	69.9101	93.271	120.166	154.035	192.131	238.115	285.794	343.508	403.627	460.436	525.085	592.473	652.566	709.739	756.65	791.396	813.619	832.278	824.318	815.475	792.186	759.643	715.483	661.716	602.35	546.542	490.132	428.381	376.023	316.552	271.102	227.52	189.06	153.986	124.113	95.1306	76.74	59.8226	46.0516	33.6807	25.4131	18.6731	14.0485	10.2113	7.11449	4.9354	2.99757	2.18412	1.65304	1.14435	0.623019	0.436264	0.284321	0.216081	0.135806	0.0928597	0.0685872	0.026993	0.00570957	0	0	0	0	0	0	0	0	0	0	0	0	0	0	0	0	0	0	0	0	0	0	
0	0	0	0	0	0	0	0	0	0	0	0	0.00347382	0.00465231	0.0853544	0.0351569	0.149617	0.144862	0.236632	0.514026	0.899272	1.42313	2.63389	4.34716	6.95428	10.3928	15.2586	21.8934	30.1249	43.4679	61.668	81.7912	108.971	140.466	175.496	220.154	271.106	331.712	394.671	463.463	532.712	609.965	678.909	742.761	798.298	851.811	890.644	915.661	926.198	920.697	900.751	870.22	833.312	775.98	714.717	656.176	592.201	527.501	461.938	392.805	338.279	287.35	243.032	198.168	161.245	128.786	100.523	78.4386	60.8863	46.2114	34.5141	25.3564	17.9669	13.6336	9.19806	6.53047	4.69873	2.98596	2.22521	1.51642	1.21273	0.625773	0.568552	0.280694	0.203286	0.0557858	0.0421914	0.0497682	0.0145734	0.00114738	0	0	0	0	0	0	0	0	0	0	0	0	0	0	0	0	0	0	0	0	0	
0	0	0	0	0	0	0	0	0	0	0	0	0	0.00174082	0.0167284	0.024903	0.0507253	0.112129	0.244293	0.410721	0.527044	0.956747	2.02896	3.23708	5.01227	7.59429	12.4069	17.5596	25.5179	36.3279	52.2439	71.1781	95.2192	127.346	163.021	206.391	257.363	318.831	388.606	458.136	540.859	620.615	698.518	769.077	834.933	912.558	961.753	995.011	1022.73	1025.76	1009.35	990.373	952.343	895.629	842.242	779.065	705.466	625.901	553.762	480.41	418.09	354.922	297.466	244.987	203.396	164.56	128.892	100.979	78.364	60.4212	45.7754	32.8355	24.6976	17.5695	12.9581	9.32697	6.46871	4.33708	3.10551	2.43772	1.84401	1.20754	0.817104	0.567423	0.313399	0.128934	0.130445	0.0555221	0.0129363	0.00949402	0.00541486	0	0	0	0	0	0	0	0	0	0	0	0	0	0	0	0	0	0	0	0	
0	0	0	0	0	0	0	0	0	0	0	0	0	0	0	0.00182825	0.00565036	0.0738562	0.0728166	0.190229	0.406198	0.728881	1.50072	1.88509	3.21198	5.43849	8.99125	14.0376	22.0644	31.1299	43.8793	61.7718	84.7805	113.979	150.42	193.534	247.738	305.006	376.507	454.904	540.439	625.716	713.795	800.177	880.919	955.991	1029.86	1077.65	1116.28	1127.65	1127.04	1115.09	1081.85	1032.88	979.029	904.32	827.325	747.292	665.531	583.079	505.442	432.953	367.077	306.325	252.259	203.798	166.44	129.06	102.393	76.6314	60.362	45.2797	32.4551	23.6968	17.2553	12.338	8.83065	6.1043	4.69616	3.4195	2.33936	1.37794	0.919174	0.7771	0.343101	0.251253	0.203893	0.0796326	0.00852618	0.0066353	0.0128014	0.00321001	0	0	0	0	0	0	0	0	0	0	0	0	0	0	0	0	0	0	0	
0	0	0	0	0	0	0	0	0	0	0	0	0	0	0	0	0.00956472	0.0143312	0.0441443	0.141495	0.297132	0.568838	1.13451	1.39731	2.63385	4.28671	6.44459	11.675	17.2757	26.232	37.6955	54.0809	74.0425	100.496	135.611	177.296	233.301	290.432	363.88	441.73	537.096	628.532	722.362	824.305	914.453	1007.89	1084.8	1152.62	1203.04	1236.32	1244.97	1237.68	1209.35	1167.19	1110.31	1041.04	964.229	876.595	788.017	692.142	605.17	522.522	444.805	371.617	306.594	251.864	209.465	165.915	129.06	99.3059	77.7271	58.2276	43.9676	32.6499	23.8984	17.2821	11.4652	8.76546	5.7082	4.04161	2.61892	1.93309	1.24685	0.978892	0.64502	0.346918	0.274846	0.0946451	0.0129301	0.0254633	0.0124123	0.0217183	0.00505872	0	0	0	0	0	0	0	0	0	0	0	0	0	0	0	0	0	0	
0	0	0	0	0	0	0	0	0	0	0	0	0	0	0	0	0	0	0	0.0537427	0.202224	0.463298	0.653381	1.0868	2.02122	3.24017	6.39398	10.0587	14.8548	21.736	32.6334	47.4461	66.4897	90.3278	122.546	162.756	215.66	279.129	350.628	428.541	522.837	628.535	734.524	840.399	942.42	1050.79	1139.18	1217.89	1279.88	1326.06	1348.75	1351.35	1338.52	1306.96	1251.75	1180.62	1099.88	1012.09	911.03	805.652	718.969	619.206	528.462	446.521	374.039	307.472	250.815	204.835	159.742	124.167	97.4346	74.6277	56.3026	40.7925	30.9312	22.6979	16.0603	11.5514	8.21878	5.51826	3.82665	2.86645	2.03026	1.45936	0.876223	0.485228	0.269945	0.0991512	0.08404	0.0725506	0.0122333	0.00342205	0.0132663	0	0	0	0	0	0	0	0	0	0	0	0	0	0	0	0	0	0	
0	0	0	0	0	0	0	0	0	0	0	0	0	0	0	0	0	0	0	0.0278494	0.101115	0.325904	0.296241	0.654203	1.48547	3.15945	5.40968	7.65266	12.5876	18.4504	27.0111	40.5102	58.4622	81.2052	110.867	150.935	200.926	261.361	331.913	416.645	508.98	617.949	726.868	844.758	959.838	1080.54	1182.14	1273.15	1347.21	1408.35	1451.37	1461.97	1460.97	1433.19	1383.26	1320.83	1236.17	1142.07	1042.06	937.467	830.7	722.246	620.514	530.372	446.11	368.807	302.732	247.396	194.228	152.742	119.5	91.3917	71.41	51.6849	39.0974	29.4183	20.4901	15.3072	10.5293	7.03332	5.18096	4.04556	2.86006	1.6758	1.17567	0.675435	0.299661	0.208105	0.167962	0.105912	0.059225	0.0313359	0.0112279	0	5.75069e-05	0.00809111	0.00489159	0	0	0	0	0	0	0	0	0	0	0	0	0	0	
0	0	0	0	0	0	0	0	0	0	0	0	0	0	0	0	0.0142195	0.00988489	0.00397069	0.0399534	0.0531222	0.335896	0.483942	0.592655	1.23118	2.17145	4.07274	6.3336	9.72298	14.9731	22.5787	35.0805	50.3659	71.1116	101.811	138.125	187.597	243.228	316.45	398.987	493.637	599.889	708.735	835.319	967.482	1095.16	1209.89	1323.56	1413.36	1486.75	1546.93	1574.04	1580.03	1557.6	1517.16	1452.08	1377.03	1282.3	1178.75	1062.43	945.01	830.32	726.624	621.991	525.55	436.82	359.109	294.445	233.989	185.684	147.018	112.672	85.9324	64.3618	48.5811	34.522	25.6705	18.3879	12.4179	9.60857	6.82798	5.05496	3.53243	2.02717	1.36458	0.956814	0.47298	0.314861	0.17027	0.182444	0.0752302	0.0607266	0.0514601	0.0343828	0.0266608	0.0154928	0.0177422	0	0	0	0	0	0	0	0	0	0	0	0	0	0	
0	0	0	0	0	0	0	0	0	0	0	0	0	0	0	0.00122121	0.0318189	0.0364656	0.00854411	0.0412407	0.0502492	0.289397	0.231001	0.344169	0.96275	1.62088	3.12666	5.22604	8.25565	13.5058	19.25	29.4801	43.0248	63.2995	89.1143	127.323	172.553	229.16	294.467	379.15	474.438	581.262	701.077	822.049	956.614	1092.02	1227.16	1351.09	1457.31	1552.55	1627.82	1673.33	1683.07	1672.09	1642.92	1588.76	1510.63	1418.75	1312.78	1187.53	1067.78	947.372	825.073	715.543	606.622	508.857	420.056	341.055	278.843	223.108	175.412	136.233	104.373	78.7134	58.7458	43.7296	32.4915	23.978	17.6295	12.3202	8.64654	6.23533	4.12516	2.61377	1.8424	1.02448	0.716401	0.491246	0.28618	0.196276	0.138722	0.155478	0.0575903	0.0397169	0.053307	0.0223865	0.0194578	0.00650025	0.0037484	0	0	0	0	0	0	0	0	0	0	0	0	
0	0	0	0	0	0	0	0	0	0	0	0	0	0	0	0	0.00921032	0.0153549	0.00648926	0.0625007	0.0715425	0.137594	0.194073	0.511081	0.786443	1.27234	2.57649	4.07271	6.68833	11.008	16.2082	26.193	38.5148	56.0756	81.6787	114.502	155.298	208.717	276.322	355.523	448.955	559.746	683.361	807.77	950.256	1093.36	1236.38	1364.86	1490.07	1598.46	1691.85	1750.9	1778.08	1775.38	1755.95	1703.7	1629.44	1540.26	1440.76	1314.94	1192.16	1062.86	928.794	811.626	690.799	584.12	484.686	398.521	324.959	261.531	207.266	162.736	125.044	95.6712	72.3555	55.0918	39.253	28.8846	21.6516	15.0493	10.5512	7.94647	5.31342	3.58194	2.2541	1.28004	0.822996	0.494494	0.274043	0.229935	0.206847	0.137971	0.103862	0.04237	0.0247143	0.0183685	0.0226423	0.00230947	0	0	0	0	0	0	0	0	0	0	0	0	0	
0	0	0	0	0	0	0	0	0	0	0	0	0	0	0	0	0	0	0	0.0186177	0.03424	0.0746888	0.169728	0.459547	0.670915	1.02047	1.76768	3.14541	5.58957	9.03676	13.891	22.0278	32.9556	49.4527	72.9257	103.37	142.652	192.742	257.559	334.454	427.442	534.47	656.41	783.182	932.212	1078.9	1223.26	1372.03	1504.53	1626.59	1731.69	1812.55	1848.57	1865.6	1853.66	1814.96	1747.18	1656.23	1555.79	1433.55	1304.76	1174.2	1034.65	906.626	777.27	660.564	550.73	452.784	372.777	301.361	241.36	189.002	147.266	113.77	85.199	64.3815	47.9048	35.3411	25.2871	19.0309	13.4676	9.33149	6.37239	4.22617	3.0702	1.72765	1.17168	0.786058	0.506864	0.297415	0.208614	0.125802	0.11881	0.076329	0.0505908	0.0212398	0.0126883	0	0	0	0	0	0	0	0	0	0	0	0	0	0	
0	0	0	0	0	0	0	0	0	0	0	0	0	0	0	0	0	0	0	0	0.0176265	0.0915821	0.109783	0.29571	0.589383	0.825882	1.44165	2.75852	4.64014	7.35559	11.3297	19.1568	29.2277	43.0609	63.8174	90.4943	128.432	175.784	234.901	310.079	397.978	504.071	618.851	753.424	899.237	1047.15	1203.84	1363.33	1511.89	1638.29	1765.74	1842.1	1903.77	1939.35	1932.47	1912.8	1854.41	1772.36	1675.25	1548.28	1419.32	1284.26	1140.81	1001.66	869.366	740.998	623.971	518.813	424.357	346.623	274.904	218.35	171.161	131.586	98.784	75.9059	56.3693	42.9706	30.652	22.5977	16.129	11.7063	7.96771	5.89621	3.42976	2.11791	1.36146	0.975769	0.564808	0.394156	0.27114	0.120368	0.0616095	0.0700705	0.0816121	0.0307551	0.0117081	0	0	0	0	0	0	0	0	0	0	0	0	0	0	
0	0	0	0	0	0	0	0	0	0	0	0	0	0	0	0	0	0	0	0	0.00184988	0.0627729	0.112675	0.140378	0.352092	0.842584	1.30314	1.9803	3.65222	5.30236	9.28088	15.9252	24.8132	37.9564	55.948	80.1559	114.246	161.423	217.05	285.569	372.897	469.26	585.942	721.275	864.643	1013.84	1179.25	1338.63	1493.37	1636.78	1764.67	1859.86	1937.24	1991.62	1991.87	1985.19	1933.7	1859.92	1771.39	1645.44	1515.45	1379.8	1230.11	1091.13	952.073	810.82	691.443	578.238	478.992	388.967	312.179	249.258	195.6	150.632	116.84	90.0043	67.5979	50.0265	35.9247	26.5532	18.4637	13.1515	9.91142	6.64479	4.38053	2.68379	1.72696	1.19935	1.07504	0.61996	0.279284	0.177298	0.0832878	0.0798811	0.0456436	0.0403578	0.0469804	0.0120845	0	0	0	0	0	0	0	0	0	0	0	0	0	
0	0	0	0	0	0	0	0	0	0	0	0	0	0	0	0	0	0	0	0	0	0.0377302	0.0609788	0.0977798	0.146514	0.37534	0.868086	1.63441	2.65419	4.81034	8.14274	13.0685	20.8353	33.1186	50.3733	73.5076	101.645	144.159	196.006	260.764	342.791	434.843	548.611	676.353	827.481	974.32	1135.92	1303.58	1462.55	1613.62	1747.05	1865.1	1962.19	2021.99	2041.82	2034.84	2003.44	1933.62	1847.72	1731.64	1605.57	1468.94	1319.4	1175.43	1026.08	885.465	755.713	638.165	528.68	428.191	344.727	276.481	217.372	171.359	132.834	102.402	75.0842	57.1775	41.7343	30.3406	21.5123	15.4168	11.0954	7.26207	5.72725	3.32983	2.27265	1.41549	0.91301	0.617333	0.457884	0.228545	0.120655	0.0750727	0.0486302	0.080692	0.0398681	0.0228117	0	0	0	0	0	0	0	0	0	0	0	0	0	
0	0	0	0	0	0	0	0	0	0	0	0	0	0	0	0	0	0	0	0	0.0107952	0.00717036	0.00271573	0.0886531	0.11187	0.380348	0.696897	1.14763	2.09384	4.07017	7.10222	10.8335	17.8048	28.1906	43.2828	63.6283	90.3702	127.558	175.78	237.032	311.336	406.015	510.805	634.493	772.907	927.922	1086.95	1258.93	1421.24	1578.41	1715.54	1839.94	1953.96	2014.55	2064.57	2063.98	2043.16	1989.54	1911.28	1806.24	1678.26	1542.62	1396.19	1252.16	1100.08	955.333	814.529	689.714	572.148	471.252	381.336	307.437	243.427	193.164	149.524	115.669	87.6681	63.0715	47.1541	34.1819	24.8103	17.116	12.1144	8.40165	5.98248	4.02955	2.60865	1.65363	1.11124	0.742338	0.465516	0.287858	0.156911	0.119104	0.0811367	0.0809386	0.0344087	0.00483183	0	0	0	0	0	0	0	0	0	0	0	0	0	
0	0	0	0	0	0	0	0	0	0	0	0	0	0	0	0	0	0	0	0	0	0.0132173	0.0142007	0.0682947	0.147713	0.266283	0.500268	1.10381	1.89968	3.3746	5.88676	8.94785	15.7771	23.297	37.0855	54.5969	79.2671	112.217	156.507	211.424	284.041	369.625	469.562	592.54	728.346	877.437	1038.03	1197.78	1367.72	1522.74	1671.37	1800.36	1924.98	1997.11	2055.96	2075.04	2063.78	2014.14	1946.47	1860.16	1738.14	1595.64	1460.9	1313.86	1159.84	1013.92	872.28	738.543	612.111	508.798	416.696	334.127	269.888	212.467	167.399	128.202	95.8409	72.3662	52.5952	39.7323	28.3033	19.651	13.8832	9.64662	6.87973	4.50156	3.01678	1.83374	1.3175	0.951134	0.554738	0.456135	0.259722	0.165801	0.0966347	0.0506388	0.00903028	0	0	0	0	0	0	0	0	0	0	0	0	0	0	
0	0	0	0	0	0	0	0	0	0	0	0	0	0	0	0	0	0	0	0	0	0.00752027	0.0109358	0.0214436	0.12643	0.19316	0.351501	0.661793	1.43444	2.7744	4.96178	8.43235	12.3149	19.9082	32.1428	47.3575	68.899	100.26	139.837	192.896	256.23	334.64	433.577	546.683	679.523	819.336	976.807	1131.52	1295.8	1466.16	1612.11	1745.28	1868.49	1957.34	2025.74	2059.26	2051.96	2017.39	1965.96	1882.47	1767.73	1637.28	1499.29	1353.95	1201.47	1054.62	911.688	780.284	650.822	545.297	448.475	362.049	295.29	231.852	180.126	140.306	105.669	79.4783	58.6855	44.1341	32.1966	22.4068	15.6862	11.3165	7.5719	5.26557	3.71498	2.35914	1.33677	1.24066	0.752191	0.410571	0.317723	0.214978	0.163215	0.101654	0.0146154	0.000123264	0	0	0	0	0	0	0	0	0	0	0	0	0	
0	0	0	0	0	0	0	0	0	0	0	0	0	0	0	0	0	0	0	0	0	0	0	0.00678333	0.0317264	0.150188	0.300008	0.775092	1.41421	2.45414	4.28032	7.12617	10.9141	18.0452	26.7967	39.2146	59.4264	88.1339	123.442	167.909	230.213	306.709	394.523	502.367	621.887	758.554	911.601	1069.38	1225.24	1390.68	1543.85	1682.94	1810.07	1910.23	1974.71	2019.86	2036.59	2012.65	1957.94	1890.88	1783.82	1665.31	1531.26	1389.44	1244.95	1097.6	951.43	813.179	691.58	575.88	475.705	388.656	313.213	249.222	196.068	153.434	116.782	87.3496	65.6162	47.0315	33.614	24.8042	17.6533	12.4571	8.8623	6.50497	4.37555	2.90361	1.78561	1.39894	0.750948	0.507152	0.352547	0.336477	0.122966	0.0690817	0.0331913	0.0196643	0.02023	0.00910496	0	0	0	0	0	0	0	0	0	0	0	
0	0	0	0	0	0	0	0	0	0	0	0	0	0	0	0	0	0	0	0	0	0	0	0.0180594	0.0356058	0.0923154	0.323952	0.526548	0.930703	1.86465	3.62875	5.62625	9.41704	15.2556	23.7196	34.669	53.0007	77.1573	107.888	150.354	204.517	273.164	354.375	459.401	566.225	695.23	832.875	986.898	1143.27	1301.08	1455.82	1598.62	1718.37	1829.39	1912.57	1961.52	1980.43	1982.39	1941.6	1887.71	1787.12	1675.62	1553.37	1407.46	1269.42	1122.17	979.75	842.282	716.271	602.241	501.256	405.486	333.094	262.209	207.456	164.544	126.131	94.8318	70.656	52.7064	38.2732	27.8659	20.4568	14.6224	10.2975	7.35435	4.79725	3.32122	1.83152	1.48136	0.911002	0.645957	0.429547	0.274581	0.175581	0.0546515	0.0712653	0.0221311	0.014405	0.0200922	0.00732685	0	0	0	0	0	0	0	0	0	0	
0	0	0	0	0	0	0	0	0	0	0	0	0	0	0	0	0	0	0	0	0	0	0	0.043653	0.0524624	0.0488421	0.343071	0.470794	0.794352	1.41757	2.63496	4.96739	7.9722	11.8159	19.5782	29.9679	45.5834	67.371	94.2984	131.598	183.944	243.898	317.813	409.827	516.109	630.214	767.905	909.168	1064.71	1212.28	1364.38	1503.46	1638.47	1746.48	1829.62	1886.78	1927.58	1923.46	1892.48	1848.85	1767.93	1668.21	1549.98	1411.64	1278.2	1136.9	1002.99	861.532	739.474	621.748	517.749	422.034	343.738	277.667	221.119	173.289	132.196	100.458	76.0509	55.3783	41.5183	30.2711	22.6017	15.7214	11.3296	8.21537	5.44124	3.81994	2.70003	1.81363	1.22702	0.701725	0.428002	0.35092	0.275227	0.11469	0.0329627	0.033437	0.0412902	0.00254607	0.00501069	0	0	0	0	0	0	0	0	0	0	
0	0	0	0	0	0	0	0	0	0	0	0	0	0	0	0	0	0	0	0	0	0	0.00490646	0.0190775	0.0488958	0.0490737	0.11751	0.252865	0.625045	1.15697	2.44393	4.44448	7.12201	10.3028	16.3911	25.3969	38.5672	57.8854	80.3318	115.723	159.343	214.723	281.849	365.684	463.633	571.701	693.484	827.828	977.766	1122.05	1272.53	1395	1529.96	1646.5	1728.78	1794.61	1842.2	1859.4	1841.21	1803.72	1731.08	1638.89	1523.58	1401.99	1268.81	1134.32	1000.01	869.63	749.308	629.936	529.461	439.013	357.977	287.465	229.652	180.137	139.254	107.422	80.4173	59.9818	44.9664	32.6452	23.4245	17.2749	11.9773	8.39037	6.03937	4.4027	3.10265	2.0274	1.38488	0.919987	0.564109	0.402416	0.206742	0.0978712	0.106573	0.0648015	0.0533963	0.00668497	0.0207527	6.69805e-05	0	0	0	0	0	0	0	0	0	
0	0	0	0	0	0	0	0	0	0	0	0	0	0	0	0	0	0	0	0	0	0	0.000828706	0.0161051	0.0123101	0.0349882	0.120634	0.208767	0.458598	0.922129	1.84392	3.21481	5.48107	8.06603	13.1187	21.4683	32.9871	49.7562	70.0197	98.4371	137.798	185.735	246.743	324.994	415.579	513.496	622.954	751.027	887.618	1031.96	1169.1	1298.55	1430.18	1540.79	1633.92	1706.09	1757.44	1771.6	1764.32	1726.62	1666.73	1587.08	1482.15	1370.77	1254.17	1125.38	994.767	871.016	749.294	636.609	536.256	446.117	368.059	296.499	236.767	187.2	146.286	110.936	86.3493	64.3778	47.867	34.6097	25.2962	18.6938	13.6024	9.34351	6.57096	4.68406	3.10549	2.06384	1.37382	1.07977	0.744768	0.401291	0.234038	0.141447	0.133723	0.0747508	0.0477178	0.0352258	0.0264801	0.00205875	0.00664181	0	0	0	0	0	0	0	0	
0	0	0	0	0	0	0	0	0	0	0	0	0	0	0	0	0	0	0	0	0	0	0.00243918	0.0131301	0.0183501	0.0610876	0.0798417	0.217201	0.436811	0.713987	1.59843	2.58913	4.25075	6.76521	11.2072	17.2737	27.7382	41.591	59.2007	84.9824	117.931	163.241	216.864	282.632	366.009	454.496	557.174	671.497	800.5	935.349	1060.36	1193.31	1317.04	1427.55	1519.54	1598.52	1647.64	1671.16	1670.14	1648.61	1596.93	1528.57	1440.55	1336.04	1220.44	1100.35	981.302	860.782	746.3	636.634	540.885	447.079	369.407	302.637	242.455	191.833	149.08	115.687	89.3435	66.2294	48.9763	37.5789	27.2051	19.8192	13.8184	9.30597	7.25633	5.14955	3.38118	2.0734	1.62957	0.990119	0.86804	0.546956	0.32062	0.174138	0.125326	0.0740497	0.0675735	0.00797483	0.00418667	0.00613431	0	0	0	0	0	0	0	0	0	
0	0	0	0	0	0	0	0	0	0	0	0	0	0	0	0	0	0	0	0	0	0	0	0	0.00800991	0.00518628	0.0979413	0.180322	0.319877	0.584968	1.12915	1.95915	3.10909	5.54271	9.67796	14.6006	23.057	35.1175	50.6612	73.2059	103.29	140.137	189.176	249.889	318.68	401.965	491.705	602.295	715.289	839.972	966.041	1081.22	1197.43	1309	1404.19	1479.3	1525.98	1565.63	1569.06	1555.02	1515.88	1451.18	1374.29	1284.31	1183.36	1063.19	955.556	839.822	731.275	630.829	536.462	444.953	372.35	305.392	243.097	193.811	152.511	118.851	90.2706	69.1959	50.6066	37.6582	27.7588	19.5713	14.1206	9.99175	7.41063	5.20453	3.52182	2.3913	1.80793	1.05705	0.720948	0.530956	0.303152	0.200035	0.137991	0.095623	0.0521224	0.0171344	0.00053139	0	0	0	0	0	0	0	0	0	0	
0	0	0	0	0	0	0	0	0	0	0	0	0	0	0	0	0	0	0	0	0	0	0	0	0.0275213	0.0128325	0.0781995	0.151849	0.219746	0.464104	0.988782	1.74151	2.79733	4.53349	7.64956	12.4398	18.6596	29.2825	42.5052	60.6959	88.138	120.117	162.378	215.024	275.733	350.134	432.978	530.962	635.477	750.062	860.515	970.383	1086.91	1195.81	1284.07	1359.66	1417.05	1444.81	1454.18	1453.88	1422.02	1368.61	1304.37	1222.08	1133.48	1025.68	919.242	818.338	712.531	615.53	522.762	439.829	363.373	302.73	240.298	192.743	154.177	117.715	90.3177	69.9928	51.9671	38.6595	27.2886	19.9706	14.1263	10.5927	7.95849	5.39449	3.35789	2.5781	1.70123	1.08805	0.750042	0.474547	0.351844	0.268619	0.143031	0.0956936	0.0514114	0.0164614	0	0	0	0	0	0	0	0	0	0	0	
0	0	0	0	0	0	0	0	0	0	0	0	0	0	0	0	0	0	0	0	0	0	0	0	0.0113186	0.0207597	0.0364581	0.0827317	0.156833	0.415507	0.813336	1.36633	2.3238	4.26357	6.9392	10.3756	15.0788	24.4704	36.0218	50.3763	71.6277	100.828	138.261	185.142	236.272	303.448	376.626	464.246	555.959	664.948	766.623	872.399	979.722	1075.17	1158.85	1238.32	1292.27	1332.68	1350.12	1350.24	1324.17	1275.79	1222.64	1149.54	1067.22	969.59	873.069	780.012	684.796	593.319	504.839	428.399	360.151	294.986	235.495	192.973	151.092	118.482	90.6488	68.2466	52.381	39.5968	28.2652	20.2122	15.0716	11.3521	8.01348	5.36283	3.76975	2.70417	1.81772	1.16848	0.723264	0.554129	0.399558	0.208031	0.161669	0.079843	0.0582689	0.0311411	0	0	0	0	0	0	0	0	0	0	0	
0	0	0	0	0	0	0	0	0	0	0	0	0	0	0	0	0	0	0	0	0	0	0	0	0.026443	0.0178763	0.0305906	0.106108	0.183442	0.37547	0.774789	1.08259	1.84274	3.75519	5.8078	8.93408	13.3724	20.3127	30.3413	42.4006	59.6847	83.9286	117.509	156.351	202.991	259.266	324.242	399.685	483.947	572.654	673.716	771.498	872.416	961.166	1039.47	1115.14	1173.7	1209.68	1235.51	1235.16	1218.95	1186.53	1136.51	1074.42	997.805	915.604	824.153	737.595	650.264	563.292	483.934	414.301	346.396	285.534	228.815	185.744	146.695	114.877	89.4815	69.8066	53.4903	40.7312	29.0576	21.2955	15.6697	11.3553	7.99474	5.82748	3.8559	2.78838	1.89344	1.245	0.901247	0.564286	0.412922	0.238405	0.179098	0.114578	0.0893737	0.0230884	0	0	0	0	0	0	0	0	0	0	0	
0	0	0	0	0	0	0	0	0	0	0	0	0	0	0	0	0	0	0	0	0	0	0	0	0	0.0193296	0.0547486	0.110045	0.198386	0.202538	0.50037	0.939315	1.62679	2.99304	4.70625	7.4017	10.8585	16.2374	24.368	34.8162	50.7363	71.2213	98.6498	132.134	173.489	221.926	280.568	345.774	418.968	502.196	587.405	674.544	763.12	845.614	928.878	994.713	1056.31	1091.31	1117.07	1127.48	1113.45	1089.39	1047.79	992.526	922.221	849.145	777.343	690.422	610.992	532.665	461.337	392.689	329.573	273.028	223.651	178.322	144.045	110.034	87.1324	67.3967	51.7759	38.6682	28.3958	21.2595	15.1685	11.1118	7.93841	5.78459	3.6726	2.76119	1.96238	1.40987	0.949879	0.501769	0.498909	0.282097	0.228549	0.0937966	0.0771096	0.00732457	0	0	0	0	0	0	0	0	0	0	0	
0	0	0	0	0	0	0	0	0	0	0	0	0	0	0	0	0	0	0	0	0	0	0	0	0	0.0108846	0.0667176	0.150511	0.148918	0.150435	0.280313	0.674466	1.3394	2.45469	3.69518	6.03673	8.42665	13.2464	19.6349	28.8504	42.6778	60.3401	82.113	112.726	146.494	187.807	236.654	296.513	360.562	431.838	505.918	587.978	668.402	747.769	819.309	886.255	937.03	977.53	998.594	1013.63	1000.74	983.024	952.453	911.378	850.241	780.989	713.622	639.734	567.84	500.133	434.11	369.515	312.277	257.607	212.787	171.32	136.558	107.023	84.168	65.3443	51.3235	38.9352	28.0005	20.9068	15.0467	11.5083	7.61869	5.55832	3.93411	2.79795	1.9936	1.38903	0.979614	0.492228	0.462002	0.398724	0.214576	0.0957447	0.0316029	0.0143508	0.00987055	0	0	0	0	0	0	0	0	0	0	
0	0	0	0	0	0	0	0	0	0	0	0	0	0	0	0	0	0	0	0	0	0	0	0	0	0.00974629	0.0281722	0.100266	0.089127	0.129991	0.2582	0.55035	1.18858	1.9272	2.84745	4.92053	6.94917	10.8782	16.2092	22.9094	35.0354	48.5073	68.4372	93.4345	121.114	157.253	198.935	248.847	305.975	370.283	435.292	505.887	578.11	649.614	715.288	778.564	824.515	860.467	890.221	906.522	903.423	887.105	864.776	824.095	772.8	718.808	657.868	592.303	529.667	465.171	406.982	344.65	289.893	240.872	198.883	162.022	129.941	103.901	80.8072	63.4949	48.6534	37.0018	27.4099	21.1883	15.0463	11.2673	8.03902	5.56624	3.83898	2.61076	1.75189	1.237	0.991989	0.546006	0.311333	0.253531	0.203862	0.101271	0.0588954	0.036569	0.036435	0.00828298	0	0	0	0	0	0	0	0	0	
0	0	0	0	0	0	0	0	0	0	0	0	0	0	0	0	0	0	0	0	0	0	0	0	0	0.0190306	0.0110352	0.0949968	0.0856236	0.0821865	0.224945	0.464354	0.959357	1.5392	2.13213	3.71537	5.34667	8.35909	12.8382	19.3101	27.9868	39.4202	57.0111	77.5274	102.45	131.894	166.574	211.345	257.321	314.175	369.73	436.672	497.363	562.549	623.05	674.979	717.868	756.195	782.015	796.671	803.931	790.454	769.304	739.887	698.852	651.092	593.652	536.773	480.216	426.369	372.153	319.028	269.537	227.429	185.261	153.153	123.252	97.4405	77.3998	60.6846	47.0809	35.7135	26.7203	20.2684	14.5034	11.0672	7.80121	5.22264	3.9561	2.64396	2.00256	1.20294	0.860843	0.39825	0.348872	0.21187	0.175736	0.0982678	0.0412306	0.0463394	0.0187692	0.00749804	0.00667215	0	0	0	0	0	0	0	0	
0	0	0	0	0	0	0	0	0	0	0	0	0	0	0	0	0	0	0	0	0	0	0	0	0	0.00492366	0.00919998	0.0933276	0.0889331	0.119458	0.190766	0.394562	0.524275	0.910786	1.55965	2.75841	4.3199	6.69025	10.3215	15.2124	22.6966	32.6364	46.8021	64.4186	85.3041	111.297	139.486	177.159	215.627	263.058	316.063	370.72	422.055	477.543	537.783	583.536	624.074	661.717	689.678	705.075	707.691	702.259	686.327	653.926	620.634	579.336	531.127	484.339	435.822	382.136	337.815	290.311	248.362	208.576	172.596	143.582	115.441	91.0544	72.4251	56.0161	43.7603	33.6453	25.9286	19.8174	14.4677	10.2005	7.11792	4.90139	3.17339	2.26494	1.59017	1.15551	0.699945	0.440241	0.357479	0.259429	0.127158	0.0330909	0.0263946	0.014837	0.0107999	0.00544079	0.00496273	0	0	0	0	0	0	0	0	
0	0	0	0	0	0	0	0	0	0	0	0	0	0	0	0	0	0	0	0	0	0	0	0	0	0	0.010611	0.0049762	0.053599	0.134633	0.151877	0.326233	0.490161	0.908246	1.26668	2.22644	3.52295	5.54839	8.92804	13.1369	18.8547	26.7189	37.5836	51.613	69.3299	90.5943	116.503	145.442	181.306	221.543	266.126	310.763	359.297	405.399	456.468	501.017	537.76	568.492	596.876	609.792	620.553	615.86	600.452	580.828	548.8	515.55	476.612	435.103	393.061	344.398	302.504	264.74	226.448	187.954	157.321	130.832	104.524	85.1047	67.4072	51.6881	40.793	31.67	23.9099	17.4227	13.4553	9.65131	6.40676	4.86746	3.6151	2.42799	1.4926	1.11589	0.848427	0.579545	0.315452	0.21966	0.116921	0.0537249	0.0187813	0.0124891	0.0100948	0.0131592	0.00315281	0	0	0	0	0	0	0	0	
0	0	0	0	0	0	0	0	0	0	0	0	0	0	0	0	0	0	0	0	0	0	0	0	0	0	0	0.0327337	0.0471937	0.113109	0.116989	0.214544	0.315546	0.713778	1.06805	1.81976	2.6592	4.36537	6.7241	10.0536	14.9337	21.6614	29.1507	41.7861	57.6983	76.5459	96.7436	121.584	150.914	183.3	221.288	259.372	298.606	342.306	384.752	422.855	458.807	490.127	508.564	529.345	535.986	535.402	523.195	509.645	487.514	459.127	421.333	388.008	347.911	311.001	271.516	233.927	203.215	172.53	143.326	118.785	97.0762	77.1206	60.8744	47.7109	36.7292	28.5088	21.883	16.6458	12.6434	9.40016	6.63022	4.63301	3.28419	2.33245	1.47662	0.970974	0.556817	0.471462	0.349774	0.179143	0.127973	0.0804833	0.0406659	0.00897913	0.00637091	0	0	0	0	0	0	0	0	0	0	
0	0	0	0	0	0	0	0	0	0	0	0	0	0	0	0	0	0	0	0	0	0	0	0	0	0	0	0.00851732	0.0105676	0.107271	0.11165	0.128778	0.253043	0.41745	0.780203	1.34932	2.18427	3.57098	5.3415	7.90516	11.7109	16.3277	23.7947	33.13	46.5771	62.188	78.6709	100.01	124.631	152.942	183.912	217.24	253.172	290.618	321.985	360.426	391.069	417.656	436.854	448.824	458.536	455.246	453.097	440.921	420.4	397.837	370.202	341.265	306.167	278.172	241.94	207.955	178.175	152.824	130.342	106.641	87.1081	71.0645	56.0661	43.4609	32.8855	26.0551	20.5102	15.5383	11.4762	8.67511	6.07168	3.82021	2.95594	2.0432	1.34908	0.955789	0.751938	0.576859	0.405366	0.27276	0.172704	0.146447	0.0771672	0.013548	0.0024265	0	0	0	0	0	0	0	0	0	0	
0	0	0	0	0	0	0	0	0	0	0	0	0	0	0	0	0	0	0	0	0	0	0	0	0	0	0	0	0.0236297	0.0488337	0.0721217	0.0967873	0.249972	0.241922	0.57165	1.12388	1.75048	2.92475	4.08401	6.17324	9.39116	13.3491	19.9221	26.9138	36.5743	48.3936	62.8152	80.4116	102.669	125.573	152.714	181.202	209.399	241.192	269.354	300.138	326.813	350.613	366.148	382.815	391.011	392.155	387.605	376.238	360.492	340.681	322.646	296.686	269.284	241.499	212.295	186.932	159.113	135.592	114.821	95.7907	78.0775	63.9318	49.8793	39.343	30.7016	23.124	17.8129	13.4554	10.0487	8.42105	5.70696	3.66042	2.75391	1.9703	1.21195	0.96257	0.837889	0.626934	0.415689	0.328035	0.209783	0.121443	0.0662958	0.0298988	0.00123961	0	0	0	0	0	0	0	0	0	0	
0	0	0	0	0	0	0	0	0	0	0	0	0	0	0	0	0	0	0	0	0	0	0	0	0	0	0	0	0.00204886	0.0131339	0.0527903	0.099984	0.153221	0.203401	0.467309	0.68537	1.25707	1.98247	3.29444	4.88211	7.16639	9.92698	15.1958	21.2383	29.1729	38.7866	50.2074	65.1558	83.867	100.835	122.223	146.163	172.84	197.007	226.843	248.759	273.193	292.263	309.253	325.787	328.856	334.509	330.91	323.955	307.923	293.473	275.828	254.366	235.784	209.431	187.046	163.913	140.964	119.735	101.766	85.4223	70.7032	57.3549	45.5826	35.223	27.6997	21.3844	16.5411	12.5132	9.75846	7.3208	4.95263	3.40353	2.67364	1.59852	1.11799	0.912854	0.604284	0.491523	0.382748	0.351826	0.215859	0.140743	0.0548637	0.0199387	0.0135151	0	0	0	0	0	0	0	0	0	0	
0	0	0	0	0	0	0	0	0	0	0	0	0	0	0	0	0	0	0	0	0	0	0	0	0	0	0	0	0	0.00945751	0.0264079	0.058751	0.0973968	0.218616	0.378754	0.593885	1.1702	1.25957	2.16403	3.67656	5.47256	8.08722	11.6846	16.9693	22.7743	30.7597	39.8278	52.6402	68.1884	82.0513	99.7088	119.253	140.183	162.953	186.36	206.276	224.939	240.095	259.487	273.624	278.936	283.456	279.3	274.512	260.256	251.198	236.092	219.121	202.218	182.567	160.397	141.874	123.884	107.293	89.2114	73.5281	61.7222	50.2922	39.3025	31.2747	24.8668	19.089	14.7627	10.8754	8.89907	6.53834	4.46274	3.21387	2.51733	1.73522	1.10043	0.785094	0.492655	0.335249	0.256072	0.246197	0.143425	0.089293	0.0541397	0.0338139	0.00620402	0.00455884	0.00578453	0	0	0	0	0	0	0	0	
0	0	0	0	0	0	0	0	0	0	0	0	0	0	0	0	0	0	0	0	0	0	0	0	0	0	0	0	0	0	0.00279787	0.0403723	0.0900455	0.186659	0.29435	0.554112	0.681061	1.15921	1.74168	2.85805	4.16963	6.1414	9.56477	13.1274	18.295	23.9478	32.0731	42.7333	54.1273	65.3105	79.0678	97.2909	114.322	132.137	151.083	169.286	184.273	201.887	214.04	224.41	230.59	236.434	233.587	225.846	220	213.036	199.423	187.51	170.727	156.337	138.786	122.014	106.26	92.1044	75.7622	64.1039	52.7589	43.0499	35.2633	28.4942	22.5387	17.1516	13.1577	9.32594	7.77018	5.98661	4.29879	2.78183	2.13	1.39157	0.942015	0.708405	0.490826	0.436962	0.243027	0.17379	0.149033	0.0763436	0.0534975	0.0349056	0.00783431	0.0131733	0.00633309	0	0	0	0	0	0	0	0	
0	0	0	0	0	0	0	0	0	0	0	0	0	0	0	0	0	0	0	0	0	0	0	0	0	0	0	0	0	0	0	0.0535763	0.0885819	0.103592	0.169253	0.308776	0.559022	0.830653	1.51543	2.39199	3.46706	5.05132	7.01838	10.5762	14.1475	18.8647	25.2061	33.12	41.5895	52.0398	64.1432	79.5766	92.3673	107.899	121.836	137.997	150.769	163.027	173.569	184.136	191.831	195.48	193.265	188.814	183.125	178.292	169.557	157.301	144.633	133.111	116.516	103.419	90.3022	76.9938	64.7564	55.2232	45.7534	37.9082	31.1027	24.9074	19.0689	14.8042	11.6552	8.76218	6.5159	5.13081	3.95678	2.68244	2.13331	1.44887	1.10269	0.647361	0.513468	0.437955	0.28907	0.203043	0.127544	0.0633548	0.0233437	0.0593739	0.00981679	0.0085265	0.00440273	0.00184608	0	0	0	0	0	0	0	
0	0	0	0	0	0	0	0	0	0	0	0	0	0	0	0	0	0	0	0	0	0	0	0	0	0	0	0	0	0	0.00690575	0.00228567	0.0802496	0.165005	0.16441	0.229242	0.473238	0.662429	1.08994	1.8504	2.60849	4.23978	5.52595	7.44453	11.2753	14.8109	19.5063	26.4612	33.6066	41.7387	49.7394	61.9998	73.4957	85.6343	96.6697	110.232	121.557	132.126	143.478	150.692	155.874	158.484	159.219	155.657	152.2	147.853	141.866	131.323	122.135	109.879	98.8285	87.9116	74.377	66.0484	56.212	46.0194	38.8897	30.9173	25.7985	20.9653	16.4038	12.8612	9.86555	7.54192	6.09045	4.7661	3.41106	2.46021	1.97562	1.48709	1.07601	0.66414	0.45769	0.337872	0.246891	0.126339	0.145174	0.110889	0.0538667	0.041753	0.0190457	0.0324772	0.000214626	0	0	0	0	0	0	0	0	
0	0	0	0	0	0	0	0	0	0	0	0	0	0	0	0	0	0	0	0	0	0	0	0	0	0	0	0	0	0	0.0263089	0.0156073	0.0608374	0.117789	0.154377	0.212885	0.436336	0.608701	0.83852	1.46209	2.03218	2.97218	4.53695	5.98036	8.7095	11.233	15.5984	20.4413	26.037	32.2462	39.5345	49.1938	59.6142	68.068	78.6548	88.6855	98.1354	108.212	116.068	122.778	126.541	130.025	129.454	128.524	124.822	120.355	115.539	110.034	98.569	90.2713	82.4243	72.0542	62.8013	54.2685	46.6264	39.9362	33.261	27.0953	22.6223	17.6727	14.4319	10.7006	8.73825	6.8582	5.15016	4.15667	3.36571	2.14141	1.59315	1.18538	0.999844	0.614026	0.336401	0.243792	0.256607	0.192238	0.146469	0.0513291	0.038134	0.0443371	0.00501145	0.018977	0.0211094	0.00235415	0	0	0	0	0	0	0	
0	0	0	0	0	0	0	0	0	0	0	0	0	0	0	0	0	0	0	0	0	0	0	0	0	0	0	0	0	0	0	0.0151997	0.0290571	0.0843407	0.0771339	0.0845155	0.174645	0.394035	0.677068	0.985587	1.26103	2.33765	3.10952	4.53804	6.27788	8.93418	12.103	15.8346	20.887	25.8467	31.7962	38.8307	46.4997	54.1518	61.06	69.2776	77.9087	84.4523	90.7101	98.2897	102.214	105.66	105.91	105.534	103.392	98.3994	93.4179	88.9037	82.9227	76.0764	68.4578	62.8945	53.9007	47.0077	40.4753	33.8337	28.0458	23.6792	18.7475	15.1769	12.1322	9.09742	7.87811	5.78814	4.33686	3.473	2.36912	1.73738	1.31115	1.15225	0.78713	0.539742	0.329204	0.231925	0.245605	0.199689	0.122999	0.0498512	0.0689883	0.0565914	0.0268942	0.0380609	0.0311377	0.00301864	0	0	0	0	0	0.00515125	0.001338	
0	0	0	0	0	0	0	0	0	0	0	0	0	0	0	0	0	0	0	0	0	0	0	0	0	0	0	0	0	0	0	0	0.0231484	0.0673402	0.0909171	0.119625	0.103679	0.233179	0.521184	0.793694	1.02434	1.87429	2.60538	3.16937	4.83737	7.06851	9.43934	12.2373	15.943	20.0962	25.0448	30.3947	37.0374	42.4252	49.4789	55.2945	62.3402	67.623	73.4888	77.3932	83.4972	87.3647	87.2737	84.8799	83.4176	81.0075	76.4338	72.4271	67.8682	62.0529	56.5982	51.432	44.3	38.0634	32.7528	27.9987	23.3388	19.8655	16.001	13.2939	10.3686	8.1389	6.03328	4.88748	3.66024	3.03484	2.04646	1.50702	1.02884	0.739803	0.562126	0.42539	0.338269	0.330564	0.259273	0.152953	0.118735	0.0931151	0.0851421	0.0267797	0.049047	0.0369457	0.0201128	0	0	0	0	0.00535419	0.00079507	0.00213845	0.00197513	
0	0	0	0	0	0	0	0	0	0	0	0	0	0	0	0	0	0	0	0	0	0	0	0	0	0	0	0	0	0	0	0	0.0151729	0.0170084	0.0222263	0.0580209	0.0427504	0.163858	0.400292	0.770065	0.747198	1.26213	1.86931	2.55015	3.45129	5.12434	6.77989	9.81522	12.0052	14.9579	19.7883	23.8789	29.0281	33.9459	39.0424	44.5019	49.8978	53.482	57.9818	61.0211	66.4921	69.8152	69.313	69.9276	67.9741	66.5043	64.5523	59.7112	56.6449	52.0907	48.544	42.9577	37.3709	31.3782	27.1298	23.1899	19.4005	16.2109	13.5484	10.9973	8.69433	6.98258	5.54975	4.18304	2.97967	2.54238	1.9068	1.22055	0.818269	0.69595	0.585648	0.391514	0.32113	0.23032	0.180736	0.133625	0.0824401	0.0708443	0.0862418	0.0295705	0.0165949	0.0378736	0.00630928	0	0	0.000546953	0.00273853	0.00942742	0.00318705	0.0024397	0.00510128	
0	0	0	0	0	0	0	0	0	0	0	0	0	0	0	0	0	0	0	0	0	0	0	0	0	0	0	0	0	0	0	0	0	0	0.0106628	0.0248989	0.07697	0.140941	0.233348	0.479567	0.559231	0.773386	1.38099	1.96882	3.00574	4.089	5.39691	7.07841	9.12607	11.3787	15.2043	18.1466	21.547	26.2257	31.7541	35.8962	39.6303	42.6002	45.775	48.1832	51.745	53.2231	55.0473	55.0108	55.375	53.8928	51.2821	48.1548	45.8822	42.0785	38.7762	34.9505	30.4947	26.0751	22.395	19.5061	16.5321	13.8764	11.0951	8.92436	7.7018	5.89128	4.66965	3.52886	2.52457	2.21958	1.77106	1.00908	0.836813	0.596917	0.510826	0.402599	0.269145	0.157078	0.163746	0.1388	0.102279	0.0783548	0.0462033	0.0236271	0.0196036	0.0174112	0.00469527	0.00201101	0	0.00259247	0.00600584	0.00106501	0.00543332	0	0	
0	0	0	0	0	0	0	0	0	0	0	0	0	0	0	0	0	0	0	0	0	0	0	0	0	0	0	0	0	0	0	0	0	0	0.00324303	0.000943299	0.0252925	0.076963	0.135585	0.341679	0.481769	0.544181	1.06882	1.54709	2.30578	3.30167	4.09352	5.28252	6.93463	8.47991	11.5419	14.1809	16.9368	20.1679	24.1969	28.1658	30.775	35.2344	37.6326	38.3404	40.3422	41.5885	42.1941	43.8522	44.4797	43.3292	42.126	39.3643	37.5025	34.2316	31.3513	27.9834	24.4687	21.966	18.3421	15.7741	13.8527	11.6434	9.3298	7.63433	6.0195	4.72967	3.93388	2.98885	2.03833	1.87181	1.31772	0.758917	0.685679	0.494054	0.399291	0.349605	0.208793	0.151646	0.165862	0.0999067	0.10639	0.0654797	0.0336312	0.063557	0.00769593	0.011751	0.00462469	0.00748981	0.00217352	0.0124256	0.0265374	0.0100677	0.0101091	0.000856758	0	
0	0	0	0	0	0	0	0	0	0	0	0	0	0	0	0	0	0	0	0	0	0	0	0	0	0	0	0	0	0	0	0	0	0	0	0	0.0283006	0.0498156	0.110132	0.21547	0.301909	0.416809	0.799251	1.12569	1.63327	2.44648	2.7779	3.9583	5.40065	6.88268	8.57242	10.5005	13.2432	16.0357	18.9967	21.417	23.1101	27.2412	29.3052	31.5135	32.2373	32.9661	33.8382	34.8303	35.2502	34.5503	34.2954	32.3863	30.3538	27.732	25.4789	23.3246	20.1614	17.4401	14.9209	12.8167	11.1978	8.83643	7.1353	6.18555	5.15288	3.86547	2.9381	2.19825	1.68154	1.60463	0.978898	0.702285	0.372521	0.338873	0.298805	0.226636	0.159708	0.174336	0.131589	0.11081	0.0844302	0.0314742	0.0349876	0.0110585	0.00151298	0.000408074	0.00925351	0	0	0.00245592	0.00747128	0	0.000293288	0	0	
0	0	0	0	0	0	0	0	0	0	0	0	0	0	0	0	0	0	0	0	0	0	0	0	0	0	0	0	0	0	0	0	0	0	0	0	0.00489454	0.012341	0.0409096	0.111191	0.256962	0.338173	0.486375	0.74654	1.15689	1.86405	2.05007	2.68656	4.05084	5.2228	6.10163	7.97228	9.94405	11.8964	14.011	16.8504	18.483	21.4809	23.2656	25.5047	25.9453	26.046	27.3975	27.1993	28.2419	27.9668	26.7002	25.0994	24.1758	22.4146	21.1137	19.0555	16.2845	14.552	12.1786	10.2067	8.42799	7.20528	6.15918	5.03963	4.16709	2.87441	2.11118	1.66107	1.46978	1.38202	0.956313	0.593113	0.375821	0.382582	0.260531	0.129889	0.136639	0.169738	0.0604283	0.0599053	0.0881334	0.0528658	0.0265315	0.0195479	0.000290194	0.00900737	0.0053421	0	0.00120374	0.000344698	0	0	0	0	0	
0	0	0	0	0	0	0	0	0	0	0	0	0	0	0	0	0	0	0	0	0	0	0	0	0	0	0	0	0	0	0	0	0	0	0	0	0.00261015	0.00315668	0.00900254	0.0642823	0.161834	0.262083	0.416166	0.556625	0.922378	1.22039	1.58494	2.25597	2.78401	3.40471	4.43543	5.83118	7.61349	8.70857	10.5171	12.3375	14.3169	16.0128	18.0932	19.3876	20.3538	20.5446	21.3162	21.3079	21.7121	21.0602	20.0208	19.7138	18.5548	17.6574	15.8923	14.9838	13.1036	11.7694	9.93873	8.258	6.89468	6.18285	5.19589	3.98786	3.52373	2.40759	1.77321	1.43579	1.19009	1.10008	0.751138	0.456904	0.380142	0.229076	0.180273	0.0908251	0.200488	0.143551	0.0862803	0.0600086	0.0593815	0.0790877	0.0300417	0.0132781	0.00674344	0.00277193	0.00426115	0.00403363	0.00613793	0	0	0	0	0	0	
0	0	0	0	0	0	0	0	0	0	0	0	0	0	0	0	0	0	0	0	0	0	0	0	0	0	0	0	0	0	0	0	0	0	0	0	0.0121723	0.018079	0.0230496	0.0475707	0.0857223	0.145202	0.216319	0.356206	0.654874	0.984726	1.35162	1.46147	2.062	2.38927	3.57217	4.31503	5.44833	6.77594	8.24781	9.72562	11.0598	12.1711	13.6848	14.7136	15.5388	15.3202	16.1455	16.7825	16.7265	17.0127	16.0451	15.062	14.6971	13.7967	12.8715	11.9078	10.5648	8.93127	7.86774	6.69554	5.49601	4.88791	3.99275	3.32185	2.71465	1.91503	1.50173	1.28951	1.06341	0.854577	0.67148	0.388815	0.313753	0.164634	0.0906131	0.103246	0.129759	0.0746277	0.0573237	0.057883	0.0512636	0.0536479	0.0139371	0.00834008	0.00235629	0.0141577	0.00957936	0.0128753	0.00575365	0	0	0	0	0	0	
0	0	0	0	0	0	0	0	0	0	0	0	0	0	0	0	0	0	0	0	0	0	0	0	0	0	0	0	0	0	0	0	0	0	0	0	0.00847271	0.0126214	0.0358853	0.0315947	0.0405069	0.110518	0.100099	0.157128	0.410729	0.720831	1.13419	1.19753	1.34069	1.98178	2.40467	3.15414	3.98291	4.98696	6.19508	6.91944	8.62934	9.64358	10.7076	11.3898	12.0242	12.1281	12.5272	13.1124	12.9594	13.1125	12.9331	12.06	10.9312	9.88602	9.62624	9.15938	8.07785	6.82204	6.02696	5.06822	4.5279	3.77073	3.40799	2.54814	2.07797	1.73448	1.22173	0.908544	0.704134	0.711017	0.590809	0.254575	0.237917	0.202991	0.10969	0.101335	0.0667707	0.0819918	0.0997675	0.0232521	0.0624636	0.0373372	0.0358382	0.00556848	0.00457372	0.000660037	0.0028471	0.00143318	0.00485799	0	0	0	0	0	0	
0	0	0	0	0	0	0	0	0	0	0	0	0	0	0	0	0	0	0	0	0	0	0	0	0	0	0	0	0	0	0	0	0	0	0	0.00744311	0.00453753	0.000791454	0.00890574	0.0117831	0.0377681	0.10095	0.0832232	0.150357	0.285195	0.454429	0.932136	0.921359	1.11151	1.58655	1.78035	2.34882	2.86611	3.55499	4.50766	5.37559	6.33634	7.36665	7.9146	8.70998	8.93448	8.89413	8.82235	9.62608	9.71492	9.7417	9.811	9.32493	8.14661	7.69523	7.53613	6.91196	5.98194	5.25386	4.34844	3.84156	3.2574	2.97066	2.55195	2.07505	1.70067	1.46386	1.03381	0.775669	0.580782	0.524131	0.333558	0.209397	0.136011	0.110312	0.05119	0.0814394	0.0935054	0.113513	0.0785449	0.0308813	0.0455059	0.0978829	0.0199789	0.00210717	0.0010461	0.0074943	0	0	0	0	0	0	0	0	0	
0	0	0	0	0	0	0	0	0	0	0	0	0	0	0	0	0	0	0	0	0	0	0	0	0	0	0	0	0	0	0	0	0	0	0.0034551	0.00708041	0.00175628	0.000391519	0.00100612	0.00722242	0.0277356	0.0316654	0.027718	0.127721	0.225475	0.367018	0.474828	0.537435	0.780949	1.02476	1.31134	1.91183	2.1541	2.80963	3.29713	4.11565	4.79714	5.22553	5.55388	6.5336	6.90627	6.99572	7.08376	7.34304	7.54958	7.68856	7.8347	7.15449	6.48329	6.18313	5.86981	5.19518	4.14354	4.06253	3.26216	3.08643	2.65014	2.35499	1.95574	1.67966	1.31598	1.04591	0.870857	0.618781	0.450382	0.371371	0.278422	0.138428	0.133499	0.116711	0.0557111	0.0353369	0.0688893	0.0750918	0.0294265	0.0159198	0.0382278	0.0368157	0.015695	0	0.0005742	0.0062074	0	0	0	0	0	0	0	0	0	
0	0	0	0	0	0	0	0	0	0	0	0	0	0	0	0	0	0	0	0	0	0	0	0	0	0	0	0	0	0	0	0	0	0	0	0.00290013	0.00276265	0	0.0197632	0.0108342	0.0172665	0.00249351	0.0277969	0.0936182	0.202349	0.297275	0.393639	0.33477	0.51101	0.896105	1.18227	1.33692	1.82868	2.00921	2.45449	3.11627	3.64785	3.7304	4.36782	4.89541	5.57718	5.3229	5.59497	5.7496	6.1334	5.83499	5.53673	5.42422	5.14621	4.81852	4.5216	3.9156	3.23819	3.11679	2.61217	2.64974	2.19104	1.97368	1.6194	1.33696	1.04226	0.693204	0.503752	0.416877	0.384261	0.25922	0.174397	0.15929	0.126579	0.0817126	0.0270181	0.0202591	0.0260017	0.0185001	0.0365316	0.0101431	0.0297344	0.00171524	0.00873925	0	0	0.00289544	0	0	0	0	0	0	0	0	0	
0	0	0	0	0	0	0	0	0	0	0	0	0	0	0	0	0	0	0	0	0	0	0	0	0	0	0	0	0	0	0	0	0	0	0	0.00623343	0.00437865	0.012993	0.023	0.00233882	0.0274489	0.0112018	0.0508116	0.069446	0.0943382	0.137065	0.167173	0.210113	0.345503	0.647121	0.849611	1.02148	1.47746	1.43235	1.58017	2.12077	2.51564	2.82949	3.40506	3.65954	4.12625	4.03592	4.17068	4.11677	4.36525	4.30243	4.21481	4.10094	3.91235	3.5498	3.52301	2.84254	2.90509	2.32813	2.24128	2.14945	1.80522	1.50385	1.22566	1.01228	0.804565	0.593623	0.330038	0.291983	0.286937	0.232745	0.173951	0.116941	0.0717053	0.021763	0.0314379	0.0161582	0.0299462	0.0278646	0.0443758	0.0162568	0.0142201	0.00366644	0.00354343	0	0	0	0	0	0	0	0	0	0	0	0	
0	0	0	0	0	0	0	0	0	0	0	0	0	0	0	0	0	0	0	0	0	0	0	0	0	0	0	0	0	0	0	0	0	0	0	0	0.0171194	0.00469626	0.0157045	0.0278718	0.0186379	0.00956375	0.0293298	0.040272	0.0549084	0.0973366	0.16297	0.211992	0.231791	0.39829	0.649714	0.872562	0.94147	1.12177	1.32968	1.46023	1.64173	1.97716	2.22623	2.57646	2.83941	3.01248	3.16404	3.15823	3.33995	3.51601	3.57547	3.24885	3.10766	2.72225	2.53885	2.38984	2.1871	2.04334	1.74987	1.69735	1.38112	1.12013	1.01205	0.742449	0.642386	0.447678	0.294621	0.287998	0.224387	0.140644	0.105763	0.0550327	0.0651165	0.0270992	0.0130691	0.0133688	0.0318194	0.0233963	0.0426259	0.0251901	0.00663104	0.000693408	0	0	0	0	0	0	0	0	0	0	0	0	0	
0	0	0	0	0	0	0	0	0	0	0	0	0	0	0	0	0	0	0	0	0	0	0	0	0	0	0	0	0	0	0	0	0	0	0	0	0.0260802	0.0162678	0.0252898	0.0227204	0.00517421	0.0177598	0.00745017	0.0146479	0.0345028	0.0782214	0.0790101	0.153041	0.136626	0.346826	0.464358	0.511685	0.77522	0.850585	1.03365	1.23272	1.23527	1.3873	1.39868	1.91493	2.3354	2.03194	2.27019	2.38021	2.3265	2.5037	2.5565	2.63462	2.38993	2.28804	2.08845	1.85882	1.87712	1.66534	1.50731	1.21438	0.963555	0.780481	0.517981	0.579311	0.462345	0.314439	0.225483	0.222391	0.185399	0.0503952	0.0805078	0.0392184	0.0165906	0.0157531	0.0339382	0.0189045	0.0250261	0.0145251	0.0192763	0.0021803	0.0216467	0	0	0	0	0	0	0	0	0	0	0	0	0	0	
0	0	0	0	0	0	0	0	0	0	0	0	0	0	0	0	0	0	0	0	0	0	0	0	0	0	0	0	0	0	0	0	0	0	0	0	0	0.000100803	0.00613752	0.00669543	0.00028372	0.0187127	0.020976	0.0217264	0.011043	0.056097	0.0820208	0.0801247	0.0984123	0.206885	0.348305	0.412228	0.466801	0.700439	0.799212	0.900841	0.92971	0.979698	1.00271	1.17174	1.45299	1.45625	1.69531	1.78694	2.00894	1.96856	1.85324	1.97416	1.96997	1.86045	1.61749	1.54202	1.25977	1.2245	1.09326	0.839765	0.697636	0.426634	0.4605	0.422848	0.438337	0.289573	0.155606	0.135552	0.121649	0.029478	0.0449977	0.0260465	0.0219272	0.0128343	0.0330048	0.0343027	0.00527657	0.000224929	5.22701e-05	0.013299	0.00821385	0.00121092	0	0	0	0	0	0	0	0	0	0	0	0	0	
0	0	0	0	0	0	0	0	0	0	0	0	0	0	0	0	0	0	0	0	0	0	0	0	0	0	0	0	0	0	0	0	0	0	0	0	0	0	0.00544568	0.00198266	0.00544207	0.0162518	0.00257095	0.0132262	0.00786608	0.0329921	0.0721205	0.0650865	0.0578443	0.108965	0.304689	0.30997	0.334312	0.45224	0.563806	0.637384	0.483295	0.646618	0.693708	0.85514	1.13722	1.21335	1.27268	1.4351	1.45306	1.30788	1.34255	1.37256	1.50569	1.36529	1.04441	1.09282	1.06453	1.21807	0.769537	0.659415	0.535775	0.442183	0.470965	0.331388	0.290971	0.198268	0.128008	0.075018	0.085084	0.0390093	0.0217234	0.0161132	0.0118857	0.0208989	0.0205151	0.00637106	0.00523254	0	0	0.00277383	0.00448153	0.00128933	0	0	0	0	0	0	0	0	0	0	0	0	0	
0	0	0	0	0	0	0	0	0	0	0	0	0	0	0	0	0	0	0	0	0	0	0	0	0	0	0	0	0	0	0	0	0	0	0	0	0	0	0.000439175	0.00732305	0.00324179	0.0103565	0.00427992	0.0206277	0.0141054	0.0741555	0.0536632	0.0367386	0.0602355	0.079205	0.21659	0.25935	0.226744	0.248647	0.395545	0.451214	0.392057	0.444669	0.541983	0.733578	0.964762	0.906716	1.03716	1.04651	0.972532	0.973838	1.07704	0.970268	1.06068	0.952194	0.892572	0.798373	0.777736	0.864533	0.702416	0.525736	0.33316	0.284275	0.234862	0.207155	0.205087	0.15192	0.100154	0.045466	0.0746224	0.0252641	0.0153022	0.00601088	0.0265739	0.0106537	0.0216996	0.0354092	0.0136436	0.000479998	0.00554902	0.00136009	0	0	0	0	0	0	0	0	0	0	0	0	0	0	0	
0	0	0	0	0	0	0	0	0	0	0	0	0	0	0	0	0	0	0	0	0	0	0	0	0	0	0	0	0	0	0	0	0	0	0	0	0	0	0	0	0.00396705	0.0282712	0.0200583	0.0471832	0.0207095	0.028711	0.0370353	0.0257868	0.0492626	0.0427346	0.122452	0.098245	0.135236	0.180868	0.218049	0.287218	0.347547	0.310897	0.311012	0.519553	0.613815	0.636608	0.656474	0.672308	0.581935	0.780627	0.618074	0.73633	0.658749	0.731972	0.748969	0.697272	0.540792	0.52665	0.485569	0.459566	0.377446	0.269761	0.226266	0.16977	0.126837	0.0958416	0.098395	0.0617805	0.054365	0.0274628	0.00652961	0.0158843	0.0224051	0.00978547	0.0274769	0.0240924	8.93057e-05	0	0	0	0	0	0	0	0	0	0	0	0	0	0	0	0	0	0	
0	0	0	0	0	0	0	0	0	0	0	0	0	0	0	0	0	0	0	0	0	0	0	0	0	0	0	0	0	0	0	0	0	0	0	0	0	0	0	0	0	0.0151125	0.0249482	0.020058	0.0154953	0.0200163	0.0166519	0.0100234	0.044012	0.0310275	0.0536845	0.068451	0.0892947	0.167379	0.178268	0.223485	0.248897	0.263777	0.223572	0.31941	0.421321	0.559354	0.481611	0.498005	0.398888	0.489202	0.546177	0.495163	0.453785	0.507483	0.603289	0.508915	0.467277	0.448922	0.376683	0.278067	0.204793	0.200979	0.214691	0.0728256	0.0956175	0.147949	0.0749704	0.0370813	0.0383551	0.0275732	0.00748033	0.011617	0.0118348	0.0172028	0.00766035	0.0296807	0.00136384	0	0	0	0	0	0	0	0	0	0	0	0	0	0	0	0	0	0	
0	0	0	0	0	0	0	0	0	0	0	0	0	0	0	0	0	0	0	0	0	0	0	0	0	0	0	0	0	0	0	0	0	0	0	0	0	0	0	0	0	0.0107199	0.0224366	0.00785494	0.000843802	0.0152094	0.0303716	0.00298807	0.00733911	0.00128549	0.0685212	0.0960336	0.0923801	0.0988641	0.116566	0.181737	0.272514	0.202375	0.224901	0.328477	0.316879	0.409441	0.296647	0.207971	0.273137	0.303279	0.326533	0.344893	0.439385	0.345362	0.391628	0.356115	0.373081	0.298699	0.428754	0.272751	0.120786	0.0966036	0.186819	0.107165	0.0920624	0.108648	0.0492833	0.0239534	0.00913694	0.0288797	0.0178795	0.0125645	0.0180727	0.0187297	0.0247912	0.017751	0.00828746	0	0	0	0	0	0	0	0	0	0	0	0	0	0	0	0	0	0	
0	0	0	0	0	0	0	0	0	0	0	0	0	0	0	0	0	0	0	0	0	0	0	0	0	0	0	0	0	0	0	0	0	0	0	0	0	0	0	0	0	0	0.00385738	0.00600111	0.00269938	0.00391741	0.00806197	0	0.00474141	0.00560566	0.0261943	0.10009	0.10451	0.135923	0.102384	0.195293	0.206475	0.174303	0.19228	0.233326	0.215242	0.211665	0.172057	0.108103	0.186036	0.212941	0.248762	0.256692	0.350036	0.212907	0.250339	0.262518	0.286679	0.228623	0.17955	0.148208	0.096874	0.116841	0.0986053	0.106789	0.0824297	0.0710982	0.0463774	0.0103791	0.0112724	0.00712782	0.0233441	0.00884693	0.000105217	0.0144712	0.00761907	0.00355434	0.00565067	0	0	0	0	0	0	0	0	0	0	0	0	0	0	0	0	0	0	
0	0	0	0	0	0	0	0	0	0	0	0	0	0	0	0	0	0	0	0	0	0	0	0	0	0	0	0	0	0	0	0	0	0	0	0	0	0	0	0	0	0	0	0.00419377	0.00240692	0	0.000468971	0	0.00317277	0.0253848	0.0282296	0.0518147	0.0492344	0.0519038	0.0960439	0.0988927	0.126646	0.124372	0.123042	0.118639	0.131311	0.107323	0.102784	0.166899	0.1383	0.128358	0.200274	0.21228	0.281295	0.243913	0.222234	0.201532	0.223212	0.160404	0.140989	0.101044	0.103362	0.0624953	0.077384	0.0623489	0.0769279	0.057736	0.0465835	0.00433654	0.000416612	5.50284e-05	0.00467014	0.0139924	0.00940794	0.00511711	0.00652992	0.000702372	0.00677416	0.00341774	0	0	0	0	0	0	0	0	0	0	0	0	0	0	0	0	0	
0	0	0	0	0	0	0	0	0	0	0	0	0	0	0	0	0	0	0	0	0	0	0	0	0	0	0	0	0	0	0	0	0	0	0	0	0	0	0	0	0	0	0	0.0101018	0.00225354	0.00539364	0.00423503	0	0.00536653	0.0227364	0.0180413	0.00973011	0.0127456	0.0188946	0.070189	0.0533012	0.0855605	0.100784	0.0775219	0.0545253	0.0547994	0.0799447	0.0416631	0.13389	0.110209	0.126217	0.193329	0.121403	0.167819	0.217982	0.177859	0.150952	0.13355	0.0941491	0.0854869	0.0905717	0.0545301	0.0499586	0.0467822	0.0247898	0.0568182	0.0263213	0.0136216	0	0	0	0.0117037	0.00126918	0.0059612	0.0127309	0	0	0	0.0106306	0	0	0	0	0	0	0	0	0	0	0	0	0	0	0	0	0	
0	0	0	0	0	0	0	0	0	0	0	0	0	0	0	0	0	0	0	0	0	0	0	0	0	0	0	0	0	0	0	0	0	0	0	0	0	0	0	0	0	0	0	0	0	0	0	0	0.000878859	0.0120159	0.0111055	0.0138225	0.00494483	0.00259435	0.0134058	0.0271257	0.064362	0.0603564	0.0852814	0.0106582	0.0216489	0.0537426	0.0465719	0.0691393	0.0612871	0.103042	0.116743	0.0817023	0.0649617	0.123642	0.115815	0.0782571	0.0857068	0.071841	0.0191212	0.0142268	0.0172033	0.0244099	0.0207149	0.0272973	0.0259815	0.00061537	0.000392399	0	0	0	0	0	0.00187624	0.00308811	0.000229319	0	0.00514641	0.0159134	0.00844502	0	0	0	0	0	0	0	0	0	0	0	0	0	0	0	0	
0	0	0	0	0	0	0	0	0	0	0	0	0	0	0	0	0	0	0	0	0	0	0	0	0	0	0	0	0	0	0	0	0	0	0	0	0	0	0	0	0	0	0	0	0	0	0	0	0	0.00749842	0.018964	0.00618191	0.0239051	0.00334934	0.0153565	0.0449236	0.0170267	0.0296246	0.0489958	0.00815194	0.0339617	0.0331975	0.0208201	0.0255363	0.0353665	0.031881	0.0425787	0.0623784	0.042249	0.0630831	0.0421518	0.0300356	0.0451575	0.0282246	0.0235867	0.00630189	0.00424527	0.0169849	0.00474919	0.017432	0.0036876	0	0.00935295	0	0	0	0	0.00856408	0.000239787	0.00436385	0.000125397	0	0.00166567	0.00183316	0	0	0	0.000717972	0	0	0	0	0	0	0	0	0	0	0	0	0	
0	0	0	0	0	0	0	0	0	0	0	0	0	0	0	0	0	0	0	0	0	0	0	0	0	0	0	0	0	0	0	0	0	0	0	0	0	0	0	0	0	0	0	0	0	0	0	0	0	0.000408133	0.0030797	0	0.00253778	0	0.000981314	0.024435	0.0372125	0.0125459	0.0130997	0.017767	0.0389227	0.0404038	0.0332873	0.0491026	0.0149857	0.00972267	0.0104868	0.00671813	0.00876221	0.0515035	0.031824	0.0131662	0.0168093	0.0134064	0.0109161	0.00830445	0.00639653	0.00577702	0.00176479	0.00323432	0.0107638	0.00801309	0.014728	0	0	0	0	0	0.00485154	0.00190623	0.00108744	0	0	0.00639095	0.0083116	0	0	0.00186472	0.00873236	0.00702013	0.00185894	0	0	0	0	0	0	0	0	0	0	
0	0	0	0	0	0	0	0	0	0	0	0	0	0	0	0	0	0	0	0	0	0	0	0	0	0	0	0	0	0	0	0	0	0	0	0	0	0	0	0	0	0	0	0	0	0	0	0	0	0	0.00622001	0	0	0	0.0020366	0.0321137	0.030508	0.0189218	0.0119672	0.0204527	0.016274	0.0226498	0.0396986	0.0266224	0.0189648	0.00665837	0.00614331	0	0.00573534	0.0177821	0.0188149	0.011177	0.023827	0.00588304	0.00800327	0.00507985	0.0116593	0.00838358	0.00434678	0.00373033	0.0145941	0.00485467	0.00613109	0	0	0	0	0	0.00371951	0.000547912	0.002558	0.00635506	0.00575517	0.0195817	0.0149312	0.00781306	0.0152122	0.00522174	0.00859067	0.0105902	0	0	0	0	0	0	0	0	0	0	0	
0	0	0	0	0	0	0	0	0	0	0	0	0	0	0	0	0	0	0	0	0	0	0	0	0	0	0	0	0	0	0	0	0	0	0	0	0	0	0	0	0	0	0	0	0	0	0	0	0	0	0.00158622	0	0	0	0.0141402	0.0286678	0.0208204	0.0238049	0.0361172	0.0296073	0.0425696	0.0299721	0.038258	0.0227144	0.0183896	0.00869092	0.00592502	0	0.0129765	0.0221349	0.0124147	0.00114091	0.00989707	0.00092741	0.00239893	0.00112251	0.00417765	0.0148984	0.0165996	0	0	0	0	0	0	0	0	0	0	0	0	0	0.014938	0.00699549	0.0135994	0.00105767	0.0194521	0	0	0	0	0	0	0	0	0	0	0	0	0	0	
0	0	0	0	0	0	0	0	0	0	0	0	0	0	0	0	0	0	0	0	0	0	0	0	0	0	0	0	0	0	0	0	0	0	0	0	0	0	0	0	0	0	0	0	0	0	0	0	0	0	0.00689743	0	0	0	0	0	0.00107917	0.00285255	0.00333776	0.0284317	0.0445841	0.0112009	0.00617161	0.0198519	0.00132634	0.0276451	0.0290008	0.0010105	0.00177953	0.015593	0.00194408	0.0114538	0.000706878	0.0158669	0.0020169	0.00408	0.00301764	0.00300145	0	0	0	0	0	0	0	0	0	0	0	0	0	0	0.00191723	0.00929219	0.00784643	0.00134533	0.0049585	0	0	0	0	0	0	0	0	0	0	0	0	0	0	
0	0	0	0	0	0	0	0	0	0	0	0	0	0	0	0	0	0	0	0	0	0	0	0	0	0	0	0	0	0	0	0	0	0	0	0	0	0	0	0	0	0	0	0	0	0	0	0	0	0	0.00137758	0	0	0.00310499	0	0.000326108	0.00113847	0.00583484	0.0029727	0.0148519	0.025389	0.0210536	0.0176076	0.0272632	0.0198793	0.0336314	0.0298549	0.0120033	0.00992856	0.0123619	0	0	0	0.00885779	0.0091259	0	0	0	0	0	0	0	0	0	0	0	0	0	0	0	0	0	0	0	0	0	0	0	0	0	0	0	0	0	0	0	0	0	0	0	0	
0	0	0	0	0	0	0	0	0	0	0	0	0	0	0	0	0	0	0	0	0	0	0	0	0	0	0	0	0	0	0	0	0	0	0	0	0	0	0	0	0	0	0	0	0	0	0	0	0	0	0.0104617	0.00441018	0	0.015995	0.00616596	0.0212577	0	0	0	0.00351212	0.00550747	0.0276004	0.00555622	0.008545	0.0288081	0.0400166	0.0191114	0	0.00344336	0.000559375	0	0	0	0	0	0	0	0	0	0	0	0	0	0	0	0	0	0	0	0	0	0	0	0	0	0	0	0	0	0	0	0	0	0	0	0	0	0	0	0	0	
0	0	0	0	0	0	0	0	0	0	0	0	0	0	0	0	0	0	0	0	0	0	0	0	0	0	0	0	0	0	0	0	0	0	0	0	0	0	0	0	0	0	0	0	0	0	0	0	0	0	0.0052792	0.00655595	0.0100811	0.00520805	0.000608157	0	0	0	0	0.000289708	0.000465749	0.00847586	0.00513953	0.0273341	0.0138693	0.008962	0.0233507	0.0055656	0	0	0	0	0	0	0	0	0	0	0	0	0	0	0	0	0	0	0	0	0	0	0	0	0	0	0	0	0	0	0	0	0	0	0	0	0	0	0	0	0	0	0	
0	0	0	0	0	0	0	0	0	0	0	0	0	0	0	0	0	0	0	0	0	0	0	0	0	0	0	0	0	0	0	0	0	0	0	0	0	0	0	0	0	0	0	0	0	0	0	0	0	0	0.00084653	0.00454507	0	0	0	0	0	0	0	0	0	0.00102459	0.00357528	0.0198942	0.0111244	0.0311107	0.00477593	0.00411161	0.000953403	0	0	0	0	0	0	0	0	0	0	0	0	0	0	0	0	0	0	0	0	0	0	0	0	0	0	0	0	0	0	0	0	0	0	0	0	0	0	0	0	0	0	
0	0	0	0	0	0	0	0	0	0	0	0	0	0	0	0	0	0	0	0	0	0	0	0	0	0	0	0	0	0	0	0	0	0	0	0	0	0	0	0	0	0	0	0	0	0	0	0	0	0	0	0	0	0	0	0	0	0	0	0	0	0.00440989	0.00560077	0.010848	0.00151567	0.00592597	0.00601211	0.00535728	0.0134757	0.00269352	0	0	0	0	0	0	0	0	0	0	0	0	0	0	0	0	0	0	0	0	0	0	0	0	0	0	0	0	0	0	0	0	0	0	0	0	0	0	0	0	0	
0	0	0	0	0	0	0	0	0	0	0	0	0	0	0	0	0	0	0	0	0	0	0	0	0	0	0	0	0	0	0	0	0	0	0	0	0	0	0	0	0	0	0	0	0	0	0	0	0	0	0	0	0	0	0	0	0	0	0	0	0	0	0	0.0171495	0.000151308	0	0	0	0.0155816	0	0	0	0	0	0	0	0	0	0	0	0	0	0	0	0	0	0	0	0	0	0	0	0	0	0	0	0	0	0	0	0	0	0	0	0	0	0	0	0	0	0	
0	0	0	0	0	0	0	0	0	0	0	0	0	0	0	0	0	0	0	0	0	0	0	0	0	0	0	0	0	0	0	0	0	0	0	0	0	0	0	0	0	0	0	0	0	0	0	0	0	0	0	0	0	0	0	0	0	0	0	0	0	0	0.00155521	0.00871707	0.00796157	0	0	0	0	0	0	0	0	0	0	0	0	0	0	0	0	0	0	0	0	0	0	0	0	0	0	0	0	0	0	0	0	0	0	0	0	0	0	0	0	0	0	0	0	0	0	
0	0	0	0	0	0	0	0	0	0	0	0	0	0	0	0	0	0	0	0	0	0	0	0	0	0	0	0	0	0	0	0	0	0	0	0	0	0	0	0	0	0	0	0	0	0	0	0	0	0	0	0	0	0	0	0	0	0	0	0	0	0	0.00559634	0.0196959	0.00631369	0	0	0	0	0	0	0	0	0	0	0	0	0	0	0	0	0	0	0	0	0	0	0	0	0	0	0	0	0	0	0	0	0	0	0	0	0	0	0	0	0	0	0	0	0	0	
0	0	0	0	0	0	0	0	0	0	0	0	0	0	0	0	0	0	0	0	0	0	0	0	0	0	0	0	0	0	0	0	0	0	0	0	0	0	0	0	0	0	0	0	0	0	0	0	0	0	0	0	0	0	0	0	0	0	0	0	0	0	0.00022436	0.0115024	0.00107546	0	0	0	0	0	0	0	0	0	0	0	0	0	0	0	0	0	0	0	0	0	0	0	0	0	0	0	0	0	0	0	0	0	0	0	0	0	0	0	0	0	0	0	0	0	0	
0	0	0	0	0	0	0	0	0	0	0	0	0	0	0	0	0	0	0	0	0	0	0	0	0	0	0	0	0	0	0	0	0	0	0	0	0	0	0	0	0	0	0	0	0	0	0	0	0	0	0	0	0	0	0	0	0	0	0	0	0	0	0	0.00062965	0.00609607	0.0073093	0.00227695	0	0	0	0	0	0	0	0	0	0	0	0	0	0	0	0	0	0	0	0	0	0	0	0	0	0	0	0	0	0	0	0	0	0	0	0	0	0	0	0	0	0	0	0	
