90.3965	5325.25	1634.49	637.593	287.367	134.028	68.2461	36.9268	16.5608	5.29656	3.69175	2.5106	1.54211	0.896052	0.258815	0.0401376	0.0371517	0.103266	0.0636407	0.0549122	0.0152818	0	0	0	0	0	0	0	0	0	0	0	0	0	0	0	0	0	0	0	0	0	0	0	0	0	0	0	0	0	0	0	0	0	0	0	0	0	0	0	0	0	0	0	0	0	0	0	0	0	0	0	0	0	0	0	0	0	0	0	0	0	0	0	0	0	0	0	0	0	0	0	0	0	0	0	0	0	0	0	0	0	0	
113.697	2229.48	1454.08	908.979	525.504	315.782	190.151	106.96	66.8319	38.5291	22.1864	12.2141	8.75751	5.62081	3.38157	1.54882	0.926864	0.524931	0.601656	0.247427	0.356008	0.196847	0.119738	0.0404106	0	0	0	0	0	0	0	0	0	0	0	0	0	0	0	0	0	0	0	0	0	0	0	0	0	0	0	0	0	0	0	0	0	0	0	0	0	0	0	0	0	0	0	0	0	0	0	0	0	0	0	0	0	0	0	0	0	0	0	0	0	0	0	0	0	0	0	0	0	0	0	0	0	0	0	0	0	0	0	
121.492	958.723	916.495	746.334	553.588	401.076	294.778	192.122	128.697	84.5668	56.4665	32.4727	22.8123	16.3753	10.6968	6.03454	3.44297	1.90868	0.922929	0.786394	0.328073	0.35723	0.0668966	0.308611	0.180973	0.0936066	0.0187373	0	0	0	0	0	0	0	0	0	0	0	0	0	0	0	0	0	0	0	0	0	0	0	0	0	0	0	0	0	0	0	0	0	0	0	0	0	0	0	0	0	0	0	0	0	0	0	0	0	0	0	0	0	0	0	0	0	0	0	0	0	0	0	0	0	0	0	0	0	0	0	0	0	0	0	0	
121.024	388.212	481.908	499.783	481.621	396.217	329.917	245.98	188.002	134.659	103.666	72.3541	48.3442	33.4584	24.7809	14.3302	9.27842	5.83122	3.32493	1.83125	1.14853	0.780577	0.770819	0.296056	0.268911	0.151473	0.176808	0.14501	0.0134198	0.0118402	0	0	0	0	0	0	0	0	0	0	0	0	0	0	0	0	0	0	0	0	0	0	0	0	0	0	0	0	0	0	0	0	0	0	0	0	0	0	0	0	0	0	0	0	0	0	0	0	0	0	0	0	0	0	0	0	0	0	0	0	0	0	0	0	0	0	0	0	0	0	0	0	0	
124.126	146.789	233.732	298.037	316.114	319.949	317.112	277.472	230.426	177.797	142.356	105.425	76.3119	56.9322	44.1717	30.7058	20.8816	12.8201	10.4946	6.33673	4.41634	3.02627	1.55618	1.47072	0.656108	0.341262	0.157199	0.033432	0.0184648	0.0458132	0.0754998	0.0102472	0.0296049	0	0	0	0	0	0	0	0	0	0	0	0	0	0	0	0	0	0	0	0	0	0	0	0	0	0	0	0	0	0	0	0	0	0	0	0	0	0	0	0	0	0	0	0	0	0	0	0	0	0	0	0	0	0	0	0	0	0	0	0	0	0	0	0	0	0	0	0	0	0	
123.526	47.7579	95.5032	156.949	190.567	218.102	233.195	231.397	218.298	197.924	165.425	130.429	104.92	86.8012	64.9359	53.6018	34.7939	26.4088	19.871	13.6228	8.74622	6.59708	4.89113	3.60203	2.45332	1.66861	0.729723	0.276753	0.233703	0.0824935	0.09056	0.0773991	0.110418	0.0367559	0	0	0	0	0	0	0	0	0	0	0	0	0	0	0	0	0	0	0	0	0	0	0	0	0	0	0	0	0	0	0	0	0	0	0	0	0	0	0	0	0	0	0	0	0	0	0	0	0	0	0	0	0	0	0	0	0	0	0	0	0	0	0	0	0	0	0	0	0	
117.867	21.1283	37.4908	62.458	111.398	125.161	158.396	174.114	191.8	176.067	173.124	147.109	126.96	113.069	89.8523	76.3755	60.1255	44.3452	35.3563	26.4272	18.5251	12.6351	8.04533	6.24896	4.93144	2.80488	1.533	1.03688	0.707771	0.739589	0.271849	0.16916	0.120587	0.112063	0.0822409	0.0237248	0	0	0	0	0	0	0	0	0	0	0	0	0	0	0	0	0	0	0	0	0	0	0	0	0	0	0	0	0	0	0	0	0	0	0	0	0	0	0	0	0	0	0	0	0	0	0	0	0	0	0	0	0	0	0	0	0	0	0	0	0	0	0	0	0	0	0	
118.435	16.8908	17.0002	29.3759	53.9149	78.2468	102.676	113.19	138.609	153.408	150.848	142.202	134.332	125.263	104.696	90.2099	77.6473	61.9299	52.8953	37.2753	32.6829	23.2643	17.1897	13.0758	8.58836	6.25203	4.13662	3.07174	1.82333	1.1508	0.952341	0.188845	0.154493	0.143926	0.162067	0.100755	0.0130039	0.00357999	0.0122285	0.0316025	0.0134552	0	0	0	0	0	0	0	0	0	0	0	0	0	0	0	0	0	0	0	0	0	0	0	0	0	0	0	0	0	0	0	0	0	0	0	0	0	0	0	0	0	0	0	0	0	0	0	0	0	0	0	0	0	0	0	0	0	0	0	0	0	0	
117.068	17.2856	4.91096	11.1307	24.4542	38.3959	48.5176	66.117	91.7523	113.387	120.641	121.916	120.008	117.781	109.648	98.5058	89.3066	70.9606	66.9602	53.7012	43.19	35.3894	26.0962	20.4897	16.3236	11.61	7.51026	5.26534	4.29595	2.61177	1.95452	1.12644	0.804044	0.592044	0.483125	0.215818	0.0818532	0	0	0	0.010856	0	0	0	0	0	0	0	0	0	0	0	0	0	0	0	0	0	0	0	0	0	0	0	0	0	0	0	0	0	0	0	0	0	0	0	0	0	0	0	0	0	0	0	0	0	0	0	0	0	0	0	0	0	0	0	0	0	0	0	0	0	0	
111.628	21.5692	5.95948	5.85341	9.71672	19.5955	29.8092	38.2917	51.0525	69.0339	79.51	94.8123	101.889	104.153	111.568	102.261	94.8525	87.1286	76.8802	61.3845	52.0762	48.5552	36.9994	30.6699	24.3024	19.8382	13.763	10.5079	7.35814	5.77038	4.21264	2.73005	1.68454	1.29448	0.839945	0.401961	0.299031	0.18763	0.0943242	0.0545719	0.0513197	0	0	0	0	0	0	0	0	0	0	0	0	0	0	0	0	0	0	0	0	0	0	0	0	0	0	0	0	0	0	0	0	0	0	0	0	0	0	0	0	0	0	0	0	0	0	0	0	0	0	0	0	0	0	0	0	0	0	0	0	0	0	
105.261	26.8397	4.11583	1.89933	4.48549	7.25304	13.9329	20.6355	32.455	44.7149	54.4762	64.7794	78.0021	83.7369	91.0926	95.0548	94.6202	90.2297	80.0647	73.2871	67.1325	57.2732	47.4327	41.3311	34.879	28.9308	23.2866	15.8097	12.8854	10.4345	6.74915	5.11213	3.40117	2.53938	1.59384	1.43802	0.534742	0.536842	0.579795	0.288042	0.136947	0.0969765	0.00120393	0	0.00357808	0.02013	0.0308884	0	0	0	0	0	0	0	0	0	0	0	0	0	0	0	0	0	0	0	0	0	0	0	0	0	0	0	0	0	0	0	0	0	0	0	0	0	0	0	0	0	0	0	0	0	0	0	0	0	0	0	0	0	0	0	0	
99.0686	32.6673	6.43511	1.6799	2.19006	2.9257	6.26194	11.6505	15.0654	24.1572	32.6467	42.1015	50.9898	60.6232	69.6619	77.2102	82.5824	84.2533	80.9773	78.2932	73.6107	67.9867	58.3764	52.326	45.7325	38.1313	29.976	22.8694	19.6555	15.4066	12.099	8.86492	6.52219	4.35848	2.75485	2.03903	1.52835	1.37804	1.02623	0.380332	0.322602	0.119415	0.147301	0.0906715	0.0538662	0.00730211	0.0568499	0	0	0	0	0	0	0	0	0	0	0	0	0	0	0	0	0	0	0	0	0	0	0	0	0	0	0	0	0	0	0	0	0	0	0	0	0	0	0	0	0	0	0	0	0	0	0	0	0	0	0	0	0	0	0	0	
92.4229	37.5541	9.9114	1.90861	1.07382	1.90887	2.72375	4.64202	8.16825	13.2436	21.1977	27.5753	34.1676	42.9357	51.8637	60.358	69.1604	72.4028	75.4997	75.1049	70.2906	69.0972	62.876	58.4176	52.3747	47.1481	39.6	34.1707	26.2981	23.0747	17.637	13.5906	10.774	7.42948	5.58698	3.48346	2.91872	2.31337	1.61774	1.08735	0.910776	0.40487	0.252141	0.229863	0.15388	0.0765239	0.0015122	0.0328155	0.0151513	0	0	0	0	0	0	0	0	0	0	0	0	0	0	0	0	0	0	0	0	0	0	0	0	0	0	0	0	0	0	0	0	0	0	0	0	0	0	0	0	0	0	0	0	0	0	0	0	0	0	0	0	0	0	
85.1381	43.1885	13.1349	2.68394	0.760039	0.564967	1.24842	2.74648	4.18112	8.46338	9.99531	14.6906	20.3403	28.8938	37.4949	44.9484	51.3759	58.0295	63.8068	66.3316	67.4834	69.5214	67.1892	60.2171	58.8323	51.858	43.792	41.1736	36.0316	30.0269	25.1582	19.336	14.2473	10.9825	9.4615	6.93366	5.00751	3.71171	2.49191	1.6972	1.0793	0.678289	0.549475	0.383332	0.219971	0.165049	0.103062	0.0309714	0.00208663	0	0	0	0	0	0	0	0	0	0	0	0	0	0	0	0	0	0	0	0	0	0	0	0	0	0	0	0	0	0	0	0	0	0	0	0	0	0	0	0	0	0	0	0	0	0	0	0	0	0	0	0	0	0	
74.7382	46.0579	16.692	4.95818	1.02888	0.628827	1.04763	1.03412	2.56502	3.87275	5.43737	8.39764	11.7016	16.2554	22.9901	30.0363	36.303	46.5765	50.7314	56.5859	61.4125	63.7028	61.8353	59.3993	60.791	55.9223	50.0476	46.4579	41.0375	36.8068	32.7091	28.4867	21.0123	17.3084	14.6855	10.8256	8.3539	6.11711	4.73093	3.30833	2.23469	1.45461	0.998425	1.11221	0.717977	0.534701	0.46808	0.158853	0.0569318	0.0357957	0.0692522	0.0658452	0.034921	0.0086042	0	0	0	0	0	0	0	0	0	0	0	0	0	0	0	0	0	0	0	0	0	0	0	0	0	0	0	0	0	0	0	0	0	0	0	0	0	0	0	0	0	0	0	0	0	0	0	0	0	
67.0733	49.5231	21.1415	6.95319	2.23677	0.657267	0.543112	0.753126	1.12185	2.24642	2.6222	5.31717	8.29495	9.94903	14.3831	21.786	27.6294	32.1561	38.2472	44.55	50.9431	56.0661	59.1105	59.2419	56.445	56.1269	53.0734	47.4803	44.4601	42.064	36.6489	33.2771	28.0485	23.5646	19.2125	15.1788	11.8502	8.12169	6.46646	4.94038	3.48856	2.67175	1.81679	1.31262	0.927634	0.834149	0.491165	0.344768	0.167461	0.0743032	0.0386143	0.0869921	0.117359	0.0212962	0.00992267	0.0453893	0.00171773	0.0265229	0.00292557	0	0	0	0	0	0	0	0	0	0	0	0	0	0	0	0	0	0	0	0	0	0	0	0	0	0	0	0	0	0	0	0	0	0	0	0	0	0	0	0	0	0	0	0	
58.6899	50.5343	25.186	9.3596	3.40867	1.22727	0.450847	0.439802	0.339396	0.797234	1.51358	2.64774	3.66666	6.17468	9.72704	11.1142	17.5432	22.4665	27.3706	33.4994	38.449	45.7234	49.8001	51.8872	55.2808	55.7864	54.5217	51.841	47.6333	44.8142	41.4491	36.5154	32.2859	27.5386	24.2711	19.6574	15.5701	12.877	9.4413	7.51086	4.97085	4.64627	3.16988	1.90157	1.42768	1.25132	0.89609	0.51001	0.223949	0.114899	0.268374	0.0770239	0.0666607	0.0493139	0.0942726	0.00680865	0.0740488	0.040199	0.0196001	0.0354013	0.00158717	0	0	0	0	0	0	0	0	0	0	0	0	0	0	0	0	0	0	0	0	0	0	0	0	0	0	0	0	0	0	0	0	0	0	0	0	0	0	0	0	0	0	
50.5641	51.0914	29.5054	12.2563	4.9006	1.7018	0.491901	0.380364	0.228059	0.458008	0.659978	1.4462	2.66704	4.08282	5.18025	7.50017	10.6587	14.7374	17.8486	23.9088	29.4286	35.2237	42.5128	44.9225	48.0926	51.0167	48.8782	51.0931	48.3131	49.3849	46.7436	41.7951	37.5224	32.135	26.7046	24.6934	19.8227	17.3079	14.1829	11.9772	7.67883	5.86757	4.70943	3.80544	3.13904	2.17413	1.70267	1.02534	0.662401	0.356194	0.415275	0.342874	0.130565	0.121724	0.0507404	0.0212478	0.0581081	0.029603	0.0347183	0.0666851	0.0227867	0.0316753	0.0108671	0	0	0	0	0	0	0	0	0	0	0	0	0	0	0	0	0	0	0	0	0	0	0	0	0	0	0	0	0	0	0	0	0	0	0	0	0	0	0	0	
42.9483	47.8861	33.4503	15.7383	7.43117	2.76943	0.790157	0.385421	0.199428	0.546758	0.417788	1.14717	1.24775	2.40033	3.34224	4.70496	5.93538	9.19233	11.9107	17.4097	20.9697	27.2963	29.4574	32.7579	36.7208	41.9572	45.5819	46.053	45.9429	47.9533	46.2746	43.7565	41.2337	37.1305	33.1741	31.6406	25.3899	21.0918	18.3635	14.5753	11.8018	8.33407	6.66918	5.48663	4.57777	3.1057	2.22503	1.82045	1.20015	0.589789	0.385359	0.243007	0.331751	0.122254	0.0833248	0.0765825	0.056434	0.059079	0.0449341	0.0304296	0.00137598	0.0059825	0.00560071	0.0173349	0.00433037	0	0	0	0	0	0	0	0	0	0	0	0	0	0	0	0	0	0	0	0	0	0	0	0	0	0	0	0	0	0	0	0	0	0	0	0	0	0	
35.8949	47.5442	36.5937	20.0124	9.81727	4.29444	1.38087	0.490736	0.247495	0.263138	0.287676	0.550209	0.91132	1.41746	1.65927	2.4452	3.64546	6.17623	8.28848	12.0398	15.303	19.454	23.9879	27.7352	30.8352	36.0525	40.7211	42.4493	45.3394	45.1031	44.4101	44.264	42.7012	41.6835	36.1809	34.2336	28.6046	26.9953	22.8457	17.5991	14.7696	11.8012	9.54604	7.60108	6.17854	4.54361	3.92436	2.48896	1.97237	1.15632	0.9695	0.413373	0.371291	0.160518	0.255709	0.113937	0.0528474	0.0495809	0.0347881	0.067211	0.0106406	0	0	0.00132076	0.012722	0.00926805	0.00277513	0.00668072	0	0	0	0	0	0	0	0	0	0	0	0	0	0	0	0	0	0	0	0	0	0	0	0	0	0	0	0	0	0	0	0	0	0	0	
29.7529	44.968	38.2996	23.9931	13.0296	6.20744	2.67603	0.912728	0.404514	0.273347	0.432311	0.486116	0.695078	0.777495	1.10451	1.51697	2.14482	3.94361	6.09711	7.96804	9.57164	12.8549	17.23	22.1233	24.8568	30.074	35.7194	36.7348	41.1164	42.3845	41.1203	41.6304	42.4725	42.1509	39.9221	37.653	32.6388	29.9863	26.6282	22.3078	18.207	15.8342	12.8721	10.9576	8.75796	6.98687	4.47414	3.75338	3.11597	1.97121	1.61371	0.94258	0.62574	0.412796	0.374658	0.409469	0.192338	0.101529	0.110634	0.116546	0.065411	0.0425157	0	0	0.0120035	0	0.0126302	0.0241378	0.000986525	0	0	0	0	0	0	0	0	0	0	0	0	0	0	0	0	0	0	0	0	0	0	0	0	0	0	0	0	0	0	0	0	0	0	
24.1257	40.5264	38.0249	27.6386	16.7401	8.81698	3.78712	1.73583	0.59904	0.33374	0.310108	0.134335	0.154748	0.320262	0.548135	1.0135	1.26334	2.38702	3.99437	5.31856	6.49681	8.45468	12.7861	15.7007	18.5243	22.6732	29.5158	32.7973	34.7552	38.6815	39.5386	41.4856	44.0362	42.6453	41.168	38.405	34.3807	33.2184	29.8717	27.0654	21.8581	18.4678	14.6166	12.841	10.2605	8.13152	6.5545	4.85768	3.94916	3.24394	2.20116	1.92626	1.05458	0.585306	0.570855	0.421396	0.40079	0.336092	0.102995	0.0762857	0.162997	0.0529447	0.017025	0.00494397	0.0147012	0	0.00237108	0	0	0	0	0	0	0	0	0	0	0	0	0	0	0	0	0	0	0	0	0	0	0	0	0	0	0	0	0	0	0	0	0	0	0	0	
19.1028	36.2648	38.491	31.2265	19.7425	11.3414	5.39786	2.77206	1.02824	0.477771	0.295435	0.181799	0.130268	0.208551	0.194073	0.501941	0.794521	1.55199	2.26959	3.40669	5.77789	6.89158	9.07742	12.1233	16.0505	18.0259	20.5933	25.7342	29.5255	32.1912	36.5839	37.4974	41.3784	40.0637	39.4125	38.5167	37.2433	35.5983	32.5987	28.2063	25.8327	22.3069	17.8428	15.1611	13.124	9.65645	8.97447	7.03663	5.75088	4.33449	3.84271	2.36353	1.42354	1.14986	0.96182	0.485016	0.314437	0.285069	0.199123	0.183029	0.150118	0.0985332	0.0390461	0.0230193	0.00876663	0	0.0123484	0	0	0	0	0	0	0	0	0	0	0	0	0	0	0	0	0	0	0	0	0	0	0	0	0	0	0	0	0	0	0	0	0	0	0	0	
14.7908	30.5771	36.1265	31.9626	23.1579	13.8818	7.94075	4.33501	1.7219	0.801515	0.633344	0.464593	0.136809	0.210706	0.1087	0.232854	0.4395	0.743008	1.35995	2.21523	3.44519	5.31341	6.62409	8.82115	11.691	14.4528	18.3132	21.4387	24.6285	28.7737	31.0733	35.227	36.0291	37.6642	39.8817	39.3089	38.751	35.7219	34.6745	32.754	29.7177	25.5187	21.8838	19.6494	17.4566	12.9315	10.2667	9.35583	7.30608	5.59119	4.19108	2.82105	2.65315	1.66972	1.07633	0.817686	0.545468	0.334139	0.250982	0.0805029	0.0936622	0.0990894	0.135435	0.0852886	0.0268001	0.0175965	0.00491324	0	0	0	0	0	0	0	0	0	0	0	0	0	0	0	0	0	0	0	0	0	0	0	0	0	0	0	0	0	0	0	0	0	0	0	0	
10.919	25.7151	34.5087	32.6645	25.907	16.6767	10.7689	6.48745	3.32349	1.50192	1.1206	0.581606	0.239499	0.102497	0.0557198	0.200409	0.396748	0.665073	0.673504	0.914127	1.82035	3.28228	4.6569	6.32063	7.35595	10.3134	13.3867	16.3823	20.3032	23.1182	27.1849	30.6821	34.1569	36.2235	37.303	38.1238	38.8636	38.0442	36.2278	34.6672	32.6536	28.0348	25.6732	22.1318	20.3016	17.0745	12.9588	11.4062	9.22117	7.6403	6.23466	4.70064	3.58227	2.37199	1.94405	1.05533	0.751694	0.588557	0.434013	0.405045	0.249063	0.109778	0.0936753	0.0902021	0.0546313	0.020012	0	0	0	0	0	0	0	0	0	0	0	0	0	0	0	0	0	0	0	0	0	0	0	0	0	0	0	0	0	0	0	0	0	0	0	0	0	
8.18653	21.5436	31.9559	31.6176	27.0261	19.8891	14.0733	8.55715	5.22974	2.80063	2.00744	0.84641	0.302422	0.138842	0.0671656	0.160186	0.182075	0.250398	0.547851	0.865838	1.24818	2.32643	2.94086	4.90129	5.07367	7.77217	10.4868	13.8251	16.085	19.674	22.8733	25.4846	30.9434	32.6118	35.3943	36.0608	37.5006	35.9848	36.3791	34.9038	34.7871	31.9885	28.6826	25.1879	21.5322	18.6296	15.8481	13.2012	10.6421	9.32264	7.94806	6.36344	5.0977	3.81219	2.40464	1.6069	1.5056	1.05708	0.753532	0.467403	0.431875	0.361464	0.166014	0.104946	0.0330907	0.0523408	0.0036859	0.00655248	0.0206351	0	0	0	0	0	0	0	0	0	0	0	0	0	0	0	0	0	0	0	0	0	0	0	0	0	0	0	0	0	0	0	0	0	0	
6.07975	16.988	28.8749	31.1438	28.0225	23.3415	16.4087	10.3099	6.93604	3.88568	2.30238	1.24683	0.786051	0.324111	0.131993	0.0844233	0.0858542	0.138378	0.159062	0.486115	0.848154	1.20161	2.08609	3.07318	3.30396	5.73526	7.0796	9.70851	11.6787	15.563	20.0033	23.1487	25.6901	27.0658	29.869	33.8605	34.5659	35.6561	34.8875	34.3643	34.5361	32.2026	29.4051	26.3149	23.6764	21.4176	19.3285	16.9813	13.3787	10.6939	8.84164	7.58465	6.13711	4.49663	2.73161	2.20323	1.94156	1.62391	1.28454	0.756136	0.552955	0.374569	0.250167	0.173631	0.119838	0.0863246	0.0449864	0.0293114	0.088717	0.0117697	0	0	0	0	0	0	0	0	0	0	0	0	0	0	0	0	0	0	0	0	0	0	0	0	0	0	0	0	0	0	0	0	0	
4.84994	14.19	24.0403	29.5402	29.3458	24.5773	18.9886	13.6552	9.04743	5.35173	3.53637	1.84779	1.12395	0.605213	0.439044	0.206457	0.178926	0.193448	0.254221	0.309306	0.572664	0.680602	1.24927	2.24009	2.69999	4.41035	5.45617	7.21985	8.97468	11.4613	15.2684	18.2219	21.6354	25.266	28.8707	29.8997	32.748	32.4484	35.1501	34.7065	33.7315	33.2037	30.0974	28.5956	26.714	23.557	21.3377	17.6221	15.8448	13.9351	11.2013	9.15413	7.29613	5.36188	3.84584	3.32035	2.70654	1.99242	1.39392	1.06545	0.713429	0.386039	0.324884	0.153846	0.303978	0.278259	0.114736	0.106314	0.0788245	0.0680799	0.0549707	0.00402889	0	0	0	0	0	0	0	0	0	0	0	0	0	0	0	0	0	0	0	0	0	0	0	0	0	0	0	0	0	0	0	
3.51841	11.6899	20.3357	27.0116	28.8572	25.8407	21.1459	14.9125	11.2223	6.8872	4.33281	2.82862	1.77369	1.19694	0.709355	0.294739	0.383335	0.350844	0.290152	0.241448	0.265175	0.537408	1.09553	1.41082	2.47023	2.97563	3.67321	5.21453	7.5604	9.82512	12.9073	14.9358	16.6379	21.9293	23.8463	27.5517	29.1177	33.0462	32.4365	32.6419	33.3567	34.5144	32.7517	29.2653	28.0369	26.2067	24.2062	21.1257	18.4813	15.8324	12.9123	11.38	8.85774	7.40473	5.58785	4.31695	3.33235	2.55175	2.04621	1.34449	1.25955	0.569231	0.329681	0.384638	0.193092	0.127398	0.0689139	0.0468663	0.0467439	0.0416341	0.0069896	0.0120157	0	0	0	0	0	0	0	0	0	0	0	0	0	0	0	0	0	0	0	0	0	0	0	0	0	0	0	0	0	0	0	
2.32302	9.07562	16.0143	24.2566	28.0298	27.4782	23.6038	17.1428	13.0545	9.49137	6.47146	3.95739	2.27332	1.50621	1.10462	0.58676	0.463821	0.298908	0.215745	0.262051	0.286454	0.514959	0.417515	0.739267	1.69916	2.23618	3.3803	4.8827	6.93904	8.08033	9.56956	12.6372	15.9469	18.0449	19.888	23.5978	25.4803	29.8329	31.2881	30.9899	31.8836	31.8201	32.7887	31.957	29.8187	27.952	25.6291	23.2086	21.0354	17.819	15.6127	13.1656	11.0749	9.55584	7.28486	5.91344	4.68735	3.36648	2.77998	1.93103	1.43139	1.0497	0.66011	0.670993	0.4048	0.288978	0.203682	0.0680833	0.0587379	0.00776295	0.00284351	0.0235445	0.0147173	0	0	0	0	0	0	0	0	0	0	0	0	0	0	0	0	0	0	0	0	0	0	0	0	0	0	0	0	0	0	
1.59146	6.83497	13.5354	21.8278	25.5142	27.5974	25.3485	18.9303	15.918	11.6126	8.9496	6.20046	3.42267	2.3775	1.5072	0.931632	0.485472	0.474809	0.342918	0.363732	0.365778	0.536552	0.488757	0.955489	1.22478	1.46578	2.62067	3.63756	5.13087	6.38481	8.02331	10.3107	13.0093	16.0446	18.0426	20.8983	23.74	25.6844	29.1035	29.8041	31.2333	32.5651	33.8103	33.4155	31.6801	28.4324	27.3475	24.8899	22.0141	19.5514	16.8398	15.6029	12.765	10.7133	8.56564	7.59911	5.53156	4.2523	3.25862	2.59677	2.06885	1.41056	0.947382	0.884057	0.6459	0.421282	0.323728	0.146528	0.155191	0.135896	0.0459143	0.0569635	0.0381684	0.0300427	0	0	0	0	0	0	0	0	0	0	0	0	0	0	0	0	0	0	0	0	0	0	0	0	0	0	0	0	0	
1.14874	5.00838	10.7163	17.1703	23.7441	26.7945	24.6008	22.4275	17.8664	13.586	10.5192	8.51525	5.29343	3.55688	2.08079	1.36601	0.837625	0.777459	0.446325	0.368515	0.291448	0.279144	0.283459	0.603319	0.932569	1.10577	1.84671	3.06995	4.2544	5.37228	7.55194	9.12626	11.0749	12.3651	15.7744	18.0756	19.3572	23.7843	26.0603	28.2634	30.6546	30.669	32.6858	33.2292	31.0031	28.8524	27.9604	27.6502	25.1973	22.8441	19.1658	16.7704	13.693	11.6993	9.59295	8.60558	6.34198	5.25839	4.30602	3.32741	2.53011	1.65976	1.17379	1.02498	0.795342	0.537951	0.456089	0.35493	0.259983	0.210842	0.0867531	0.0372655	0.0237479	0.00567768	0	0	0	0	0	0	0	0	0	0	0	0	0	0	0	0	0	0	0	0	0	0	0	0	0	0	0	0	0	
0.83229	3.51076	8.37046	14.1617	21.6223	26.1341	24.8754	23.0845	20.5435	15.9405	13.0819	9.45264	7.24184	4.79062	2.99168	2.00708	1.19697	1.04513	0.607578	0.477131	0.393236	0.397758	0.241376	0.251169	0.480102	0.962866	1.47817	2.00009	2.62769	4.04516	4.99917	6.88622	8.28242	10.2193	11.7741	15.5896	18.2701	20.2379	24.3586	27.4096	28.8666	29.8581	31.8083	32.1899	30.6603	30.6449	30.1357	28.3943	25.3248	25.4007	21.6443	19.4864	16.4794	14.1173	11.4944	9.431	7.53094	6.47306	5.5558	4.18255	2.92548	2.52795	1.6869	1.17176	0.748009	0.625915	0.438012	0.422512	0.284639	0.187019	0.148177	0.0642788	0.0221835	0.0169142	0.0301889	0.0252548	0.0124124	0	0	0	0	0	0	0	0	0	0	0	0	0	0	0	0	0	0	0	0	0	0	0	0	0	0	
0.469562	2.91839	6.53919	12.0262	18.6573	22.3751	24.875	23.3638	21.63	17.5719	14.4472	11.3307	9.19401	6.67504	4.0458	2.802	2.07096	1.55991	0.882933	0.635369	0.612653	0.442636	0.360682	0.437099	0.349438	0.624936	0.992556	1.75225	2.54181	2.91893	3.95169	5.06396	6.84652	8.85275	10.7041	13.1695	16.3344	18.0112	20.98	23.6782	25.6925	28.0459	28.8524	30.4292	31.6045	32.3385	31.1325	29.533	28.4115	24.3053	21.8565	20.5607	16.9544	15.2529	13.3612	11.0895	10.1425	7.96665	5.7109	4.24754	3.54782	2.79334	1.91306	1.53854	1.05034	0.692588	0.731797	0.517194	0.270348	0.193809	0.162992	0.0841828	0.0934802	0.060411	0.0334067	0.0236746	0	0	0	0	0	0	0	0	0	0	0	0	0	0	0	0	0	0	0	0	0	0	0	0	0	0	0	
0.328127	1.95354	5.58406	9.51711	15.7748	20.0633	24.5966	24.0037	23.1929	19.5931	16.111	13.6163	11.7556	8.72565	5.92977	4.29888	2.98118	2.23484	1.61008	1.1744	0.663165	0.533601	0.502853	0.410376	0.46728	0.491066	0.692271	1.11841	1.85707	2.53585	3.37034	4.16621	5.24684	7.62144	9.42234	12.34	14.2651	16.7938	19.2353	22.0345	23.7438	26.3304	28.9103	30.3593	31.6226	31.7237	29.8537	29.9705	27.621	26.6151	24.0281	21.3354	20.0272	17.2352	14.2519	13.0698	10.8103	8.37773	6.70221	4.93931	4.2681	3.33089	2.29542	1.63279	1.5211	1.11854	0.9108	0.577611	0.361238	0.185065	0.186296	0.243662	0.0777815	0.0557795	0.0220811	0.0458863	0.0191288	0.0205694	0.00954876	0.0084507	0	0	0	0	0	0	0	0	0	0	0	0	0	0	0	0	0	0	0	0	0	0	0	
0.170153	1.31802	3.80765	7.8947	13.0257	17.6524	21.9441	22.9634	23.0504	21.4811	18.1968	15.6687	13.2585	10.4789	7.76316	5.49981	4.62345	3.06295	2.30849	1.62652	1.13645	0.762599	0.913544	0.562848	0.567665	0.537686	0.58865	0.923085	0.963829	2.01291	2.80013	3.83049	4.8445	6.61292	7.69406	10.2822	12.9287	14.3299	16.6549	19.2718	22.4963	24.7709	26.4163	28.3097	29.4444	30.2092	30.8996	30.1053	27.5374	27.0849	25.3597	23.6098	22.1932	18.4949	15.5389	13.7232	11.7474	9.87232	8.23108	6.61149	5.38662	4.06935	2.95027	2.21262	1.80842	1.49901	1.22471	0.759583	0.614981	0.463722	0.310078	0.197542	0.134347	0.0755404	0.0484971	0.0614341	0.0524561	0.0118033	0	0.0022909	0.006657	0	0	0	0	0	0	0	0	0	0	0	0	0	0	0	0	0	0	0	0	0	0	
0.17937	0.851437	2.79694	6.02102	10.7833	15.3692	19.3812	21.7868	23.6665	22.7829	20.1198	17.5322	14.8665	13.0913	10.1582	7.85765	6.05469	4.51161	3.28429	2.43497	1.85384	1.12982	0.925234	0.640615	0.639647	0.565254	0.608332	0.750896	1.14516	1.84936	2.1849	3.34888	4.27856	6.01183	7.40576	9.70253	11.7622	13.5471	14.8514	17.8352	20.3207	23.1052	24.4059	27.1257	28.4737	30.0581	30.1118	30.4678	28.7842	26.6923	26.4604	24.7377	23.1745	20.3416	18.2442	15.2144	13.494	11.1855	9.11438	7.6399	6.51105	4.77982	3.75425	2.78018	1.98823	1.66974	1.2285	0.849882	0.653429	0.497579	0.370534	0.314077	0.153095	0.164822	0.132472	0.0721764	0.0542046	0.00699631	0.011496	0.00809508	0.00480962	0.02015	0.00819005	0	0	0	0	0	0	0	0	0	0	0	0	0	0	0	0	0	0	0	0	
0.178424	0.582273	2.03079	4.34206	7.78649	10.9834	16.4501	19.0775	22.7101	23.6387	21.8034	19.8555	16.6197	15.1763	11.9967	8.74999	7.60646	5.79866	4.27987	3.3673	2.42664	1.87958	1.41774	1.14298	0.769507	0.799092	0.602599	0.767783	1.01574	1.50901	1.77474	2.77725	3.70596	4.75534	5.93579	7.4591	10.3543	11.6641	14.1174	16.7093	18.7273	21.5984	23.7471	25.3185	27.2936	29.4206	30.1364	29.8257	29.0419	27.6805	26.3082	24.7378	23.7434	21.2717	20.1463	17.1029	14.7296	13.0394	10.8296	9.3343	7.1863	5.6441	4.34461	3.50067	2.49825	1.9923	1.56643	1.18321	0.676318	0.690473	0.546156	0.348851	0.213335	0.249584	0.164277	0.111988	0.0890421	0.085254	0.0138147	0.0319891	0.0185798	0	0.00565998	0	0	0	0	0	0	0	0	0	0	0	0	0	0	0	0	0	0	0	0	
0.122635	0.459355	1.54152	3.3985	6.46431	9.74693	14.7798	17.2687	21.6069	22.8614	21.6166	20.9029	17.7614	15.3747	13.8267	10.9954	9.21943	7.78921	5.44926	4.3775	3.00246	2.64876	2.19651	1.57333	1.15078	1.03955	0.804558	0.809577	0.831089	1.24324	1.58215	2.40249	3.06968	4.01379	5.98296	7.18554	9.06355	10.9363	12.3121	15.6003	17.6325	19.3798	22.3923	24.2044	25.4643	28.08	28.913	29.332	27.8934	27.992	26.6915	25.7606	23.4095	21.4081	19.9346	17.061	16.5475	13.8629	12.5733	10.6256	8.29006	7.17827	5.35495	4.63466	3.123	2.53707	1.73109	1.27695	0.957418	0.651504	0.597551	0.323708	0.271873	0.242789	0.162858	0.0838255	0.0862769	0.0853115	0.0286675	0.0075594	0.0113881	0.0236294	0.0142275	0.00688553	0	0	0	0	0	0	0	0	0	0	0	0	0	0	0	0	0	0	0	
0.0933391	0.385958	1.1757	2.69505	4.91897	7.80787	11.878	13.9885	18.9262	20.5195	21.984	20.7989	19.2353	17.6449	15.1291	12.7672	10.9876	9.4255	6.91743	5.6529	4.43221	3.57625	3.05883	2.32025	1.63643	1.33049	1.00263	1.10329	0.936566	1.05785	1.63674	1.84058	2.70162	3.70629	4.12734	5.51577	6.84779	9.63093	10.9672	14.227	15.8207	19.0212	21.53	23.83	24.4663	26.2275	26.6028	27.9692	29.0641	29.749	28.3715	27.8287	26.2954	23.0499	22.1236	19.5792	17.724	14.6582	13.3547	11.0796	9.91787	7.70266	6.31498	5.09031	3.56287	2.66108	2.24301	1.79096	1.28636	0.817745	0.738874	0.60373	0.541925	0.361097	0.21276	0.146907	0.203894	0.126542	0.0484339	0.0234129	0.0268962	0.0595035	0.0280439	0.00427322	0	0	0	0	0	0	0	0	0	0	0	0	0	0	0	0	0	0	0	
0.0517302	0.20292	0.756931	2.18216	3.41221	6.3064	9.57014	12.7116	17.1175	18.7506	20.9241	20.5958	20.7718	19.0954	16.7471	14.8442	13.0212	11.4331	8.77976	7.67025	6.15142	4.80596	4.05816	3.66271	2.37823	1.91797	1.33078	1.30799	1.07393	1.62488	1.67576	1.78021	2.53232	3.05725	3.66495	4.81342	5.93338	8.14274	9.18662	11.8459	14.6031	16.6922	19.0732	21.2528	24.2992	24.8933	25.5821	28.5562	27.4364	28.3279	30.1348	28.4607	27.2045	24.7336	23.063	21.2519	19.0439	16.6144	14.7236	12.641	10.3635	8.68575	7.28678	6.05122	4.53139	3.67026	2.72901	2.0914	1.73575	1.3273	0.827043	0.626537	0.365065	0.237187	0.280247	0.120247	0.202346	0.160769	0.107665	0.0516906	0.0213779	0.0168117	0.000569165	0	0	0	0	0	0	0	0	0	0	0	0	0	0	0	0	0	0	0	0	
0.026682	0.118998	0.383078	1.24931	3.0443	5.51683	8.14809	10.6678	14.5475	16.4907	19.0121	20.9686	20.5807	19.155	18.3659	16.9542	15.1067	13.3947	10.9112	9.06046	7.73118	6.72884	5.11528	4.26877	3.12769	2.72092	2.39633	2.15	1.58561	1.86621	1.73916	1.78929	2.25094	2.51027	3.45689	4.44706	5.50152	6.88168	8.78804	10.7121	13.6398	15.7521	18.2887	20.621	22.6072	25.6009	25.6574	26.9422	27.3961	29.3361	29.793	27.517	26.9556	25.6045	23.7973	22.195	19.6406	17.1311	15.2177	12.8944	10.9233	9.38927	8.17204	6.3901	4.92492	4.30723	3.41678	2.72702	1.88088	1.4586	1.17078	0.787137	0.451342	0.387009	0.325133	0.245647	0.19923	0.188572	0.0974668	0.0266242	0.0216977	0.0113918	0.00191813	0.0021459	0	0	0	0	0	0	0	0	0	0	0	0	0	0	0	0	0	0	0	
0.0407834	0.0666311	0.303128	0.979851	2.05804	4.02235	6.20608	8.92964	12.2158	14.1706	18.1096	19.7544	19.7227	19.8984	19.2925	18.3698	15.6231	14.4857	12.5234	10.0922	9.51007	7.63952	6.32694	5.51516	4.48546	3.73339	3.26965	2.78398	2.08567	2.14858	1.88884	1.76266	2.1135	2.60167	3.15847	3.98279	4.89089	6.57145	9.10494	10.872	12.7177	14.8886	16.7976	19.777	21.9141	23.7665	25.3461	25.8045	27.547	28.8402	28.7886	28.1792	28.1441	26.5733	25.347	22.6963	20.9547	18.7806	16.4997	14.9165	12.1057	10.7864	9.45609	7.4077	6.25167	4.88647	4.05785	3.09263	2.45832	1.95657	1.24783	1.00881	0.798162	0.609125	0.387934	0.38878	0.246856	0.180465	0.107363	0.0374629	0.014428	0.0132358	0.00486318	0.00473804	0	0	0	0	0	0	0	0	0	0	0	0	0	0	0	0	0	0	0	
0.00625873	0.0721123	0.172397	0.764892	1.74256	3.06406	4.72836	6.75692	10.6716	12.9867	16.097	18.161	18.7996	19.2548	19.2448	18.532	17.7217	15.2618	13.5798	12.2752	10.4114	9.45537	7.85748	7.49874	6.18112	5.05172	4.02504	3.94981	2.78623	2.50251	2.84887	2.14744	2.01046	2.57271	2.93209	4.05086	4.48338	6.20947	8.00973	9.48274	11.6061	13.7587	15.4332	17.6729	19.4242	22.0771	24.6127	26.8101	28.3365	29.5528	28.5901	30.4611	29.3184	26.9309	26.1476	23.6833	22.5432	19.9263	17.949	16.7903	13.9098	11.248	9.94752	8.56172	7.33235	5.92655	4.72433	3.44367	2.87206	1.89628	1.70582	1.31389	0.862001	0.551701	0.406289	0.279907	0.200786	0.159874	0.0839149	0.0378704	0.00510978	0.0363662	0.03124	0.0452824	0.00953834	0.00745067	0	0	0	0	0	0	0	0	0	0	0	0	0	0	0	0	0	
0	0.0795544	0.19595	0.427364	0.929027	2.4896	3.87095	5.55694	8.3539	12.1715	14.2883	16.2882	17.8173	18.9464	19.28	19.4423	18.8788	16.8859	15.2116	14.8801	11.8131	10.647	9.59384	8.50198	7.67514	6.33315	5.07254	4.84298	3.87431	3.68089	3.24823	2.66533	2.75006	2.99752	3.0983	4.15237	4.69139	6.04061	7.57096	9.10889	11.0416	12.3499	15.6066	17.2037	18.7894	20.9409	24.3102	26.6792	28.8381	28.4806	29.3777	28.9313	29.5167	28.1539	26.3235	24.0316	22.6433	21.06	19.2096	17.5443	14.4434	12.6664	10.8425	8.98715	7.86735	6.06755	4.90856	4.01496	3.13404	2.49832	1.72741	1.34479	0.855399	0.503932	0.411831	0.369622	0.179414	0.192807	0.140376	0.0336693	0.0397256	0.0563252	0.0474996	0.0272526	0	0.0022858	0	0	0	0	0	0	0	0	0	0	0	0	0	0	0	0	0	
0	0.0360175	0.0656029	0.439002	0.705875	1.73395	2.76671	4.68002	6.72568	9.61875	12.0588	14.5987	16.3603	17.3058	18.3584	19.3726	19.0685	17.7541	16.4659	16.3666	14.1762	12.1775	11.6714	10.3947	8.80673	7.98019	7.31354	5.75281	5.15635	4.82224	4.29336	3.67805	3.36628	3.48378	3.93802	3.99308	4.5542	5.79827	7.96242	9.13765	11.0729	13.0075	14.9394	17.028	19.0008	20.9276	23.7121	25.2423	26.7987	28.2381	29.5461	29.889	30.1269	29.7038	28.2825	26.045	24.9908	21.7359	19.8984	17.3221	15.7362	13.6545	12.0814	9.24635	8.54406	6.92415	5.32642	4.45045	3.49294	2.69463	2.03901	1.41097	1.0339	0.68091	0.491272	0.429197	0.339779	0.208999	0.114009	0.095421	0.0481057	0.0109483	0.0447657	0.027802	0.00942374	0.0239883	0.00649751	0	0	0	0	0	0	0	0	0	0	0	0	0	0	0	0	
0	0.00873299	0.0599964	0.335089	0.623442	1.16749	2.43288	3.81219	5.73281	8.00991	10.1072	12.6175	14.6036	16.3621	17.6348	19.3416	19.5663	18.7275	18.1072	17.0586	15.6522	14.7274	13.2583	11.2385	11.0213	9.39865	8.01545	7.20658	6.73122	6.43261	5.74163	4.88223	4.50464	4.57823	4.36426	4.56528	4.53355	5.95574	7.37003	9.57745	10.7423	12.7314	15.4521	16.7729	19.7948	21.2825	24.2927	25.0795	27.5374	28.4536	29.0938	30.0332	30.3002	29.5195	29.0403	27.2823	24.3639	23.1701	20.7054	19.1614	16.7624	14.3672	11.8194	9.86228	8.42333	7.71341	5.90847	4.89928	3.45612	3.33509	2.49361	1.50269	1.06308	0.831502	0.558662	0.430364	0.388989	0.159263	0.169984	0.166326	0.135083	0.0810177	0.0820083	0.0332069	0.0205199	0.00206594	0.00100415	0.00665656	0.000627284	0	0	0	0	0	0	0	0	0	0	0	0	0	0	
0	0	0.0258742	0.150613	0.352898	0.796904	1.59803	2.6228	4.46409	6.4557	8.65396	10.7606	13.8886	14.8327	16.9232	17.8767	18.5046	19.1551	19.6246	18.9101	17.5797	15.5686	14.2693	13.0893	11.8074	10.654	9.50319	8.49749	8.10825	7.35951	6.71005	5.76603	5.63233	5.28507	4.92404	4.78416	4.82688	5.59466	7.16007	9.25062	10.6898	12.3832	14.2265	16.2518	18.8466	20.7556	22.814	24.2618	27.2468	28.4272	29.5386	30.9084	30.5461	29.1589	27.8374	28.1254	24.9872	23.8621	21.3222	19.4877	17.2013	15.1703	12.8823	10.8492	9.18751	8.37596	6.9243	5.33126	4.25661	3.35306	2.58418	1.92705	1.39733	0.893285	0.786584	0.409351	0.354823	0.176881	0.230768	0.184011	0.198332	0.0875282	0.100092	0.0190579	0.0159608	0.0133844	0.0174798	0.0114924	0.0042704	0	0	0	0	0	0	0	0	0	0	0	0	0	0	
0	0	0.00541162	0.0699298	0.21687	0.658248	1.24895	2.22314	3.08802	5.19862	7.08906	8.94397	11.7855	13.2943	15.7954	16.1155	18.0927	19.392	19.4989	19.4381	18.9302	16.3317	15.6805	14.5296	13.395	12.0792	11.856	10.945	10.0715	8.66055	7.90321	7.47574	6.52251	5.99088	5.9987	5.84036	5.8472	6.84196	7.57213	9.4236	10.7796	12.7721	15.0197	16.7841	18.2829	20.1305	21.8259	24.559	27.0711	28.8719	30.2816	30.6087	31.2019	31.4058	29.2147	28.8926	27.518	25.8621	23.0083	20.6202	17.9175	16.2906	13.7826	11.9057	10.4254	8.20833	6.86225	5.17202	4.11657	3.52013	2.56068	2.28867	1.68904	1.19732	0.97071	0.797086	0.603334	0.442773	0.258523	0.272714	0.142771	0.138101	0.0452534	0.026176	0.0315738	0.00498647	0.0431585	0.00859455	0.0110764	0	0	0	0	0	0	0	0	0	0	0	0	0	0	
0	0.00257151	0.00540599	0.0895801	0.157956	0.657988	0.779247	1.78473	2.45853	3.88788	5.68356	7.7947	9.50442	11.0183	13.5993	15.1723	17.27	18.8423	19.1899	19.5361	19.209	18.1918	17.8833	16.2477	15.1339	14.0581	13.5281	12.1366	11.1247	10.486	9.70607	9.80182	7.92845	7.60998	7.37576	6.8511	7.20328	7.50297	8.09372	9.65946	11.1703	13.381	14.9547	17.2086	19.0507	19.7327	21.5731	24.0484	26.5503	28.3719	30.1251	31.4931	31.7178	31.5383	30.9342	30.44	29.0853	27.6703	25.1138	21.5287	19.5515	18.114	15.3531	14.2344	11.603	9.04235	7.53303	6.31307	4.92215	3.84289	3.08204	2.42179	1.94513	1.45861	1.06153	0.841353	0.609023	0.513135	0.338549	0.327786	0.207841	0.115236	0.0629685	0.039567	0.0309476	0.00453582	0.00541168	0.00585562	0.0121679	0	0	0	0	0	0	0	0	0	0	0	0	0	0	
0	0	0	0.0588843	0.105943	0.31575	0.466545	1.1855	1.8108	3.03164	4.53472	6.38199	8.39196	10.0391	11.7848	14.4785	16.0585	18.2733	18.0159	18.7007	19.0707	19.3528	17.1864	17.0306	17.0104	16.5445	15.4336	13.9533	12.6491	11.6797	10.679	9.92104	9.05935	8.86907	8.81494	8.38695	9.43653	9.00982	9.41998	10.0603	11.99	12.6785	14.343	16.3314	18.5776	19.7919	21.7497	24.5278	25.7679	28.7174	30.7658	29.9959	31.9498	32.5366	31.5542	31.7092	30.8142	28.4051	26.5366	23.9548	21.06	19.0572	17.198	15.0872	12.521	10.6007	8.75243	6.45696	5.60545	4.32246	3.71649	2.85985	2.15933	1.75787	1.21773	0.960129	0.709343	0.521468	0.343156	0.262221	0.174319	0.218922	0.0501087	0.0352256	0.0358964	0.0343038	0.0210849	0.0039961	0	0	0	0.00379398	0.00222576	0.00209904	0.00114926	0	0	0	0	0	0	0	0	
0	0	0	0.0445124	0.105238	0.234842	0.453715	0.678733	1.30946	2.29492	3.07211	5.42246	6.82403	8.77014	10.2237	12.7776	14.8621	15.7812	17.3852	17.9511	18.8824	18.3942	18.1065	17.9264	17.9015	17.5563	17.4275	15.6539	14.2887	13.3272	12.5183	11.7516	10.4511	10.7829	9.94919	9.57952	9.98703	9.84659	10.3824	12.0761	12.5861	13.2265	14.9804	16.98	18.6045	19.9827	22.1886	25.9727	27.1021	28.1389	29.6488	30.6893	31.6445	33.5699	33.2951	33.4907	32.5759	29.3448	26.9571	25.1278	22.6816	20.8438	18.9494	16.4457	13.9353	11.7634	9.06542	7.49364	5.99563	5.15011	4.1716	3.50976	2.46875	1.83663	1.25923	0.949913	0.729693	0.636338	0.354281	0.295943	0.169646	0.17836	0.131497	0.0731707	0.0418382	0.0168435	0.0231469	0.025334	0.00296528	0	0	0.00389292	0	0	0.0015249	0.000568642	0	0	0	0	0	0	0	
0	0	0	0.0339878	0.0346843	0.122958	0.31704	0.765254	1.21769	1.81715	2.56258	3.76523	5.57475	6.94493	8.56417	11.0206	11.899	13.5459	15.3782	17.6894	18.8121	18.9338	18.9509	18.2963	18.5483	18.8225	18.3563	16.0921	15.8614	15.2318	14.4456	13.9932	12.9119	12.6764	12.0636	10.396	10.5046	11.5298	11.9467	13.1014	14.0241	14.5124	15.8168	17.9899	19.9203	21.6134	23.6106	25.7555	27.204	28.9714	30.2902	30.1463	31.2086	33.537	33.4576	32.8458	32.7461	31.2956	29.0265	26.6563	24.5386	21.9506	19.6692	17.0972	14.7716	12.2533	9.70028	8.55251	7.12156	5.77919	4.6055	3.70544	2.84778	1.71044	1.42653	0.992651	0.791982	0.544339	0.392263	0.245073	0.253621	0.164819	0.121302	0.0902595	0.0240391	0.0513268	0.0337685	0.0242738	0.00903772	0.000356335	0.0118316	0.00359153	0.00924599	0.00704747	0.00326879	0.00116816	0	0	0	0	0	0	0	
0	0	0	0.0221627	0.0235579	0.0775595	0.184961	0.397311	0.736617	1.20254	2.25478	3.27116	4.10123	5.63193	7.55341	9.65214	10.8652	12.4327	14.1943	16.8884	17.5951	18.0185	18.2171	18.8155	19.7822	18.5773	19.7236	17.4702	17.4457	16.9384	16.6375	16.0424	14.8205	14.4767	13.54	12.7421	12.6107	13.4351	13.3204	13.4463	14.2821	16.2098	17.6982	19.0029	19.6809	22.2283	24.3568	26.9922	28.6139	30.4553	30.2765	32.5222	33.7251	35.4349	35.8716	34.3761	33.4643	33.071	29.8837	26.9899	24.6035	22.4935	19.6143	17.729	16.5082	13.4572	10.5159	9.05497	7.85991	6.17808	4.89366	3.9177	3.02467	2.47417	1.72202	1.28944	0.980821	0.649881	0.527909	0.301986	0.308675	0.220153	0.146695	0.101644	0.0916032	0.0804778	0.0320778	0.00572123	0	0	0	0.00299179	0.00542632	0	0	0	0	0	0	0	0	0	0	
0	0	0	0.0143172	0.0225898	0.034262	0.0674567	0.318314	0.460086	0.837924	1.81163	2.12311	2.89247	4.62463	6.33034	8.05912	9.53489	11.2933	12.8147	15.1247	16.0515	17.4463	17.9089	18.097	20.0782	20.1718	19.647	18.5615	18.6949	18.0836	18.5296	17.8794	16.1003	15.9088	15.6709	14.5188	14.3707	14.9931	14.9014	14.9541	16.0936	17.4809	19.4216	22.0083	21.7727	23.8426	25.9637	28.1849	30.0626	32.0079	31.6658	33.5731	34.2716	36.827	36.7016	36.2986	35.8183	33.9161	32.0864	28.5681	25.326	24.1916	21.9606	17.9656	16.7512	13.8876	11.735	10.3405	8.2654	6.50006	5.4652	4.26076	3.42163	2.58144	1.80649	1.46543	1.20683	0.763737	0.566218	0.306798	0.339679	0.229643	0.204268	0.174484	0.0756632	0.0357009	0.0206337	0.0372216	0.022291	0.0129322	0.0223929	0.016341	0.0131309	0.00849564	0	0	0	0	0	0	0	0	0	
0	0	0	0.0119777	0.0377554	0.0104961	0.138919	0.222452	0.270687	0.651878	1.31995	1.70574	2.57855	3.76483	5.19464	6.87118	8.81223	10.6796	11.3277	13.0925	14.5147	15.7761	17.509	18.0407	19.522	19.9418	20.1738	18.1131	19.1113	19.4911	18.7613	18.7054	18.2933	17.4592	17.2898	16.7864	17.1261	16.5317	15.9211	17.0671	16.8058	19.4912	20.3471	23.2406	24.8454	25.9335	26.5595	29.4895	31.1606	32.7016	34.5915	36.038	37.8028	37.6756	37.861	37.7414	36.6407	33.8494	32.0934	30.5327	27.0993	25.1893	21.8212	19.6299	17.0796	14.4162	12.1428	10.625	8.49057	6.73651	5.35812	4.81061	3.77384	2.93721	1.82814	1.41154	1.34643	0.937162	0.719382	0.476224	0.278854	0.220811	0.165174	0.11766	0.0744065	0.0303182	0.0110783	0.0140591	0.00152259	0.0409702	0.0209046	0.0141281	0.00562082	0.00987885	0.006272	0	0	0	0	0	0	0	0	
0	0	0	0	0.0186351	0	0.039467	0.105777	0.177717	0.354414	0.719806	1.37397	2.00363	2.86964	4.08998	5.26703	7.22703	8.65314	10.1282	12.3373	12.7372	14.0775	15.8876	17.4903	18.5327	19.3906	19.4355	19.0507	19.7961	20.486	19.8847	19.4641	18.7027	19.075	20.1725	18.9492	19.3366	19.2203	17.5978	18.366	19.9488	20.5002	21.462	24.1062	26.1904	28.865	28.7983	31.3114	33.3655	34.8206	37.2652	37.2487	39.0378	38.9141	37.5681	37.5979	36.5445	34.4074	32.7863	31.1533	28.3306	25.8792	22.6423	20.4458	17.5424	15.4148	13.0178	10.4336	8.58038	7.07185	6.02261	4.74511	3.93358	3.36867	2.23027	1.88528	1.5498	1.17263	0.608101	0.461606	0.351832	0.255843	0.155623	0.0631534	0.0593229	0.0441006	0.0267208	0.0336491	0.00277544	0.0223061	0.0104572	0.00956894	0.00453231	0	0	0	0	0	0	0	0	0	0	
0	0	0	0	0.00561145	0.00339257	0.0502924	0.0685884	0.172263	0.251944	0.583207	0.878509	1.70797	2.20945	2.95147	4.20332	5.51107	6.86606	9.04631	9.92708	11.9657	12.9879	14.7871	16.644	17.344	19.1916	19.8501	19.6335	20.0449	21.8607	21.0011	21.133	20.4254	22.0267	21.7419	20.1514	20.7797	21.0886	20.6908	21.4709	20.9826	22.6466	23.8621	25.8455	26.7691	28.5606	30.6198	33.4511	35.0778	36.5061	37.4381	38.6539	39.1319	39.9849	39.6215	37.9658	38.2927	37.1014	34.5696	32.5936	29.2938	26.9785	24.2959	21.1735	18.1201	16.276	14.753	11.827	9.46008	6.95239	5.7481	4.65473	4.24635	3.71617	2.84447	2.00924	1.57806	0.995652	0.598068	0.363949	0.456434	0.311448	0.230322	0.0967167	0.0535097	0.0635613	0.0650627	0.0506568	0.0373121	0.0476776	0.0531591	0.0445915	0.0117955	0.00948676	0	0	0	0.000552532	0.000965675	0.00216497	0	0	0	
0	0	0	0	0	0.0044918	0.0367063	0.057721	0.0964724	0.110551	0.492139	0.578523	1.03494	1.6526	2.07754	2.79058	4.2845	5.76443	7.23141	8.20761	10.3349	11.1428	13.0655	14.867	15.7628	17.05	18.5519	18.8003	20.1462	21.0292	20.5438	21.6234	21.8634	21.6336	22.2829	20.9918	21.3866	22.4651	22.3783	22.7712	23.6979	24.081	25.9835	27.1148	28.9658	31.714	32.6452	34.442	36.8544	37.9325	39.502	40.8408	41.9522	42.1515	40.5464	39.8315	38.3755	37.894	35.3865	33.1118	30.458	28.0602	25.9041	22.0759	19.437	17.17	14.4711	12.0785	10.3341	8.76492	6.40847	4.90149	4.50815	3.61317	2.83869	2.30493	1.58528	1.18284	1.0005	0.626307	0.492257	0.338743	0.199244	0.113935	0.134331	0.0505951	0.0816966	0.0940182	0.0983707	0.0550561	0.0286539	0.0657485	0.011044	0.0318869	0	0	0	0.0030206	0.00425117	0.00438367	0.0085077	0.00274265	0.00465882	
0	0	0	0	0.00821355	0.00656273	0.027991	0.0186092	0.0555219	0.121875	0.353806	0.296725	0.827365	1.14904	1.4558	2.38172	3.12916	4.25939	5.25948	6.51651	8.59945	9.98453	12.5925	13.2441	14.1853	16.0435	18.2277	17.8872	19.3159	20.0293	20.7852	20.715	22.0348	22.766	22.9535	22.9514	23.9982	23.7095	23.8336	24.857	25.6677	26.6041	27.5287	29.254	31.2671	32.5039	35.3652	36.8724	37.077	38.6682	39.9368	41.2902	41.3731	42.3704	42.5059	41.3783	39.7629	39.115	36.8639	33.7105	31.4404	29.3597	27.0482	23.29	20.7083	17.9132	15.8638	13.489	10.9686	9.22739	7.46223	5.08529	4.76882	3.83942	2.99269	2.35936	1.82673	1.37945	1.02994	0.928674	0.715318	0.444273	0.264194	0.146059	0.145451	0.0940897	0.102856	0.0448308	0.0535932	0.0122652	0.0344307	0.0514335	0.006472	0.003003	0	0	0	0	0.00820975	0.00330198	0.00475918	0	0	
0	0	0	0	0	0.0103613	0.0445006	0.0240086	0.104139	0.109503	0.179362	0.215107	0.528816	0.842962	1.12796	1.81393	2.90211	3.43271	4.38899	6.14853	7.34838	8.6003	10.7179	11.8159	12.6225	14.423	15.9113	17.4087	18.7519	20.6789	20.5941	21.1996	22.4208	23.6418	23.6043	23.3122	24.501	25.8686	25.4266	25.8524	27.8375	28.9634	29.8348	32.1151	33.0461	34.0014	36.1956	36.9813	38.5409	39.6512	41.0718	42.8632	43.5675	44.0386	43.1022	42.3856	41.1403	40.6498	38.6922	34.4213	32.9226	30.4416	26.9282	23.9394	21.6817	18.4569	16.0687	13.8003	11.2271	9.4568	7.68453	5.79042	4.75485	3.69762	2.87479	2.30686	1.75939	1.27296	1.08939	0.808606	0.606749	0.31787	0.290595	0.0708136	0.134733	0.104834	0.110492	0.0895467	0.0226935	0.0164883	0.0107993	0.0298128	0.0114739	0.00589003	0	0	0	0	0.0105371	0.00247324	0.00147226	0.000127826	0	
0	0	0	0	0	0.0199294	0.00848345	0.0319197	0.0642035	0.0843779	0.098745	0.1768	0.440637	0.473605	0.845909	1.23749	2.22567	2.82383	3.84783	5.07531	6.35845	7.62463	9.26178	10.5764	11.3668	13.2121	14.4291	16.0881	16.7071	18.8207	20.2927	20.8844	22.8017	22.9629	24.66	24.8334	25.3066	25.9254	27.3074	28.1516	29.6612	30.5476	32.6692	33.3294	34.3535	35.6269	38.1602	39.5168	41.2227	41.393	43.4195	43.9937	45.0753	45.2889	44.5301	43.4018	41.5804	41.4916	38.8172	35.9504	34.6471	31.0238	26.8889	24.1581	21.8983	18.4205	16.2985	13.6453	11.2984	9.95613	7.50274	6.0651	5.17767	3.91877	3.0089	2.48957	2.07076	1.2487	1.17846	0.881712	0.763109	0.501572	0.317523	0.152661	0.125133	0.0743047	0.0613789	0.0636933	0.0423734	0.0379155	0.0462461	0.0158438	0.00508738	0.00248493	0	0	0.0115994	0.00825704	0.0190872	0.00454504	0	0.00455797	0.00406507	
0	0	0	0	0	0.0120662	0.00817859	0.0163531	0.0368416	0.0142568	0.0445567	0.0988842	0.359689	0.416692	0.687598	1.07109	1.80989	2.04745	2.65443	3.78994	4.8977	6.53658	8.45412	8.56098	9.77212	11.8951	13.0451	14.5863	16.0207	17.6651	19.8187	20.8224	21.9831	23.1488	24.5909	25.8552	27.0478	26.6873	27.8113	29.5185	30.484	32.3227	32.753	34.0877	35.5416	38.3516	39.3676	40.2614	41.2426	42.9015	44.8656	45.7068	45.0632	45.4322	44.41	44.6516	42.2754	42.3105	39.65	37.7216	34.749	31.3628	28.8655	25.0203	22.8123	18.6776	16.1771	13.8366	11.6211	9.80359	7.62286	6.46542	5.24653	3.99245	3.39381	2.51181	1.75139	1.37336	1.19284	0.909962	0.699618	0.590049	0.26512	0.219637	0.160558	0.121428	0.0537985	0.0505941	0.104637	0.109665	0.0576704	0.023225	0.0186175	0.0214619	0	0.0159962	0	0.000166834	0	0.00955831	0.0095883	0.000770331	0.0120143	
0	0	0	0	0	0.00679673	0.00899111	0.00214578	0.00913101	0.0500764	0.0471013	0.0748313	0.232926	0.36408	0.405864	0.700712	1.20859	1.67769	2.21181	2.80347	4.01239	4.8424	6.6041	6.88662	8.20027	10.1807	11.989	12.8357	14.5222	16.1066	17.8417	18.9372	20.7483	22.6685	24.1356	25.1126	26.4506	26.9079	27.7083	28.5086	30.6419	32.1239	34.0855	35.7154	37.0496	38.4146	40.5617	40.6552	42.2583	44.335	45.6704	45.7951	46.1481	46.8997	44.8011	43.9331	43.0919	42.6767	41.063	37.1896	34.4774	31.6863	28.7799	25.1711	22.6061	19.7418	16.4089	14.3374	12.1231	9.99727	7.8439	6.40546	5.27027	4.02414	3.33717	2.39068	1.76368	1.42628	1.20443	0.912703	0.536369	0.473456	0.385783	0.342296	0.200003	0.147961	0.120551	0.114834	0.078074	0.0926058	0.0237459	0.022243	0.0160128	0.0130035	0.000210861	0.00292904	0.0038822	0.0017552	0	0.00168339	0.00615799	0	0	
0	0	0	0	0	0	0.0106613	0.00287262	0	0.0226956	0.0453823	0.0849079	0.115556	0.207072	0.37556	0.528286	0.843109	0.983712	1.68342	2.57784	3.21557	4.33999	4.68617	5.51597	7.23691	8.86532	10.4069	10.7646	12.5722	14.1011	16.7896	17.7955	19.6207	21.5971	23.3727	23.7756	26.0348	26.9034	27.9936	28.9807	32.0073	32.0944	34.2051	34.9239	36.6113	38.4204	40.2377	41.9322	43.7837	44.5325	47.0584	48.1949	47.1269	47.7731	46.8698	44.5759	43.5485	42.7327	41.0359	38.6005	35.2314	31.8326	29.3467	25.7723	21.8096	19.8858	16.7344	14.3216	12.0927	10.1146	7.90379	6.29243	5.34775	4.86506	3.59678	2.70904	2.09569	1.59374	1.6143	1.01669	0.619955	0.594763	0.386782	0.238494	0.183427	0.225118	0.130925	0.0942467	0.0537903	0.0464998	0.0309646	0.00808021	0.0224692	0.0236568	0	0.00419515	0.00720939	0.00228659	0.000765352	0.00309875	0	0	0	
0	0	0	0	0	0	0	0.000466722	0.00256993	0.00675602	0.0171801	0.0357082	0.083253	0.115564	0.277697	0.421462	0.827956	0.872472	1.30252	1.90123	2.46084	3.22198	4.00794	4.77159	6.18109	7.52595	8.78503	9.89609	11.6772	13.1571	14.7794	16.4015	18.0267	19.9928	21.305	22.4	24.9365	26.2379	27.6453	29.2281	31.2433	31.9755	34.3719	35.8955	37.3993	39.5312	40.172	42.1129	43.8575	46.1336	47.9742	47.3617	47.2898	48.8849	46.6697	46.0988	44.2558	44.0463	40.3573	37.9796	34.6317	31.6952	28.2051	26.2478	22.1232	20.0402	16.9805	14.0941	12.2366	9.54202	8.1747	6.80608	5.464	4.5796	3.69986	2.92215	2.18069	1.6342	1.40966	1.07501	0.610667	0.346398	0.374238	0.272688	0.195181	0.189485	0.106714	0.0756119	0.056653	0.0493735	0.0289558	0.00388885	0.0104205	0.0221791	0.00596593	0	0.000704251	0.00707206	0.00400325	0	0	0	0	
0	0	0	0	0	0	0	0	0.0110475	0.00987233	0.0854207	0.0231856	0.0498599	0.0596174	0.213951	0.274986	0.578094	0.59036	0.873702	1.23539	1.81696	2.38852	3.12932	3.77236	4.8136	5.77895	7.44819	8.42947	10.1115	11.6137	13.4509	14.1107	16.6711	17.9575	18.8947	21.1224	22.5074	24.5386	26.7368	28.6594	30.8624	33.2042	33.2662	36.0067	37.5133	39.15	40.1355	42.1233	44.508	46.7192	47.2507	49.3412	48.6352	48.845	47.6494	46.6707	44.0311	44.8437	40.162	37.8705	34.6043	31.1078	28.2874	25.6161	22.1402	19.4408	16.8195	14.378	12.782	9.81906	8.05659	6.83403	5.93323	4.64443	3.88	2.934	2.14191	1.63259	1.43414	1.07341	0.796037	0.574391	0.242953	0.281261	0.237797	0.139258	0.0862462	0.0823117	0.0744963	0.0612649	0.0422693	0.0345644	0.0271039	0.00297806	0.00602686	0.0108858	0.0152927	0	0	0	0	0	0	
0	0	0	0	0	0	0	0	0	0	0.062091	0.0233382	0.0162424	0.0388331	0.20704	0.181884	0.364547	0.442538	0.793047	1.08294	1.63642	2.2328	3.00826	3.50986	3.88961	4.56835	6.17356	7.3436	8.41405	10.2243	11.6425	12.9112	15.1665	15.947	17.9411	19.2397	21.1326	22.9759	25.371	27.5002	29.4968	32.5261	32.4997	34.7428	37.7813	40.1944	41.2661	43.3024	44.7369	46.0732	46.8772	49.7047	48.4637	47.6853	46.8926	45.8272	44.7235	44.0289	40.4886	37.6761	35.0548	31.0656	27.9766	24.8972	22.0025	19.6017	16.4647	14.3276	12.5201	9.80713	8.80408	7.10973	5.82705	4.49653	4.01358	2.95111	2.24152	1.62504	1.3464	0.977084	0.733743	0.495411	0.396467	0.215879	0.17459	0.105999	0.127224	0.0724714	0.112971	0.0366748	0.0204596	0.0391637	0.0027207	0.0230973	0.0263217	0.0375196	0.0146511	8.0548e-05	0	0	0	0	0	
0	0	0	0	0	0	0	0	0	0	0	0.0137633	0.0118609	0.0221277	0.0919025	0.176237	0.279949	0.304099	0.571568	0.746093	1.21042	1.76974	2.38785	2.78934	3.04204	4.007	5.06973	6.43021	7.48938	8.51551	9.94861	11.1565	13.2886	15.0365	16.7581	18.3694	19.5801	22.7387	23.9385	26.3533	27.9684	30.5555	31.3698	33.5596	36.2949	38.0483	40.5456	42.9164	44.3192	45.0822	45.9953	47.6115	47.7123	47.6237	47.5115	45.8367	44.1291	43.0238	39.8512	37.8981	35.3812	31.4364	28.4873	24.7014	21.1176	19.7108	16.7173	14.4228	12.2391	10.3211	8.3085	7.32856	5.99211	4.6287	3.98402	3.08924	2.08021	1.83712	1.32399	1.07915	0.655602	0.459325	0.273265	0.298173	0.164552	0.127737	0.145074	0.0798117	0.105625	0.0498581	0.0284909	0.0242958	0.0294265	0.0227901	0.0235198	0.0119904	0.00692572	0.0052479	0	0	0	0	0	
0	0	0	0	0	0	0	0	0	0	0	0	0.00337869	0.0522315	0.0213836	0.0825185	0.131628	0.240385	0.512131	0.68354	0.847854	1.4311	1.63855	2.00668	2.38194	3.16585	4.20838	5.21578	6.06245	7.26373	9.13465	10.3449	11.52	13.6332	15.3134	16.0926	18.4461	19.8271	21.6529	24.9284	26.6964	29.2539	31.3891	33.095	35.1714	37.3206	40.5646	42.373	41.8711	43.7808	43.7855	45.4636	45.7236	46.7917	45.8775	44.7421	43.2577	41.2679	38.8881	36.812	34.0381	30.5882	27.7029	25.782	21.8387	18.9209	16.383	14.1266	11.9167	9.78905	8.27761	6.8789	5.74395	4.88629	3.65259	2.98293	2.15239	1.76294	1.19049	0.86402	0.602494	0.522938	0.290344	0.237049	0.131941	0.103764	0.124737	0.0539626	0.0857199	0.0859467	0.0461314	0.0252134	0.0234939	0.0179652	0.0194729	0.0111583	0.00019173	0.0026342	0	0	0	0	0	
0	0	0	0	0	0	0	0	0	0	0	0	0	0.0205312	0.00848776	0.0798534	0.0924607	0.153429	0.313264	0.314745	0.648408	0.960757	1.28243	1.51122	2.34407	2.72987	3.44274	4.53669	4.75222	6.28191	7.97067	9.35371	10.7277	11.9442	13.4496	14.7988	16.9831	18.8685	20.7199	22.707	24.0569	26.7724	29.2302	31.7515	33.0928	34.4361	36.6437	38.4415	41.0027	42.185	42.9832	44.4468	43.138	43.8715	44.217	43.4464	43.1863	39.3863	37.4572	34.7697	32.1979	29.0776	26.7367	23.959	21.1819	18.3228	16.2841	13.4148	11.6458	8.80888	8.04926	6.63097	5.53064	4.54449	3.78506	3.09987	2.31097	1.56975	1.26058	1.02212	0.591589	0.5512	0.326694	0.240599	0.143754	0.132919	0.072337	0.031446	0.0446451	0.0498701	0.0234671	0.00995548	0.00459717	0.00511061	0.018924	0.0187869	0.00927261	0.00113511	0	0	0	0	0	
0	0	0	0	0	0	0	0	0	0	0	0	0	0.00021793	0.0162257	0.0755803	0.0594019	0.0738957	0.187226	0.249476	0.329411	0.565597	0.920859	1.3127	1.77376	2.15849	2.37472	3.29425	4.17593	5.18561	6.57854	8.05131	9.04075	10.1615	11.7321	13.9224	14.5308	17.0019	19.3873	20.8615	22.4448	24.3463	26.7165	28.8796	30.8882	32.9398	34.9755	36.8313	38.3938	39.5148	39.742	41.2463	42.5207	42.8571	42.1384	41.9111	41.2234	38.2846	36.3921	33.3626	30.6874	28.923	25.9528	23.5478	19.5139	17.4228	15.1396	12.8855	10.9315	9.0155	8.03578	6.22746	5.12574	4.1793	3.29026	3.02052	2.06525	1.71893	1.17451	1.02583	0.702766	0.562918	0.332846	0.296461	0.23313	0.133416	0.132244	0.137641	0.0793998	0.0304608	0.0155486	0.0314457	0.0024173	0.00857442	0.0230743	0.00801333	0	0	0	0	0	0	0	
0	0	0	0	0	0	0	0	0	0	0	0	0	0	0	0.0118763	0.0369411	0.0590337	0.115481	0.294117	0.325928	0.377075	0.686782	0.968776	1.30469	1.62146	2.08091	2.48147	2.90947	4.16398	5.06985	6.60638	7.35241	8.88445	9.49689	11.7737	13.5369	14.8938	18.0605	18.8368	20.4352	22.8369	24.6866	26.899	28.2984	29.4494	32.2508	34.0865	35.8921	37.4685	38.1767	38.3526	39.1529	39.4185	38.8679	38.2375	37.0943	35.166	33.2433	30.972	29.1627	27.5732	24.088	22.4617	18.8917	16.5702	14.5268	12.7301	10.7058	8.97827	7.10432	5.85962	5.00687	3.85489	3.51956	2.70912	2.04116	1.55014	1.20391	0.811617	0.626147	0.417561	0.35846	0.27597	0.181652	0.0941359	0.102128	0.105373	0.065823	0.0172219	0.0140859	0.0273623	0.00755776	0.0111198	0.00324033	0.00214957	0.00188974	0	0	0	0	0	0	
0	0	0	0	0	0	0	0	0	0	0	0	0	0	0.00075815	0.0358953	0.0491462	0.0157608	0.0137197	0.18502	0.248916	0.492169	0.506579	0.558383	1.13806	1.21816	1.63932	1.75259	2.40543	3.40893	4.08705	5.31191	6.44023	7.5725	8.50184	9.95972	11.8253	13.2366	14.8361	17.0969	18.7489	20.4986	21.5174	23.4412	25.2653	27.6866	29.8229	32.0105	33.167	35.0192	35.3378	36.8649	36.4503	36.3674	36.182	36.1044	35.1136	33.4825	31.5207	28.271	26.871	25.1689	22.5299	20.4473	18.2494	15.8882	13.4414	11.9969	9.80618	8.18004	6.97266	6.01579	4.7169	4.08183	3.14977	2.40844	1.92689	1.5364	1.3533	0.951527	0.630317	0.483898	0.322059	0.335268	0.270894	0.093483	0.0648001	0.045818	0.0654651	0.0376517	0.0100234	0.0216292	0.0122982	0.00525771	0.000567042	0.00443625	0.0016422	0	0	0	0	0	0	
0	0	0	0	0	0	0	0	0	0	0	0	0	0	0	0.0081568	0.0165203	0.0474808	0.00340417	0.114774	0.193802	0.315813	0.345669	0.454825	0.867261	0.965631	1.25587	1.49384	1.67484	2.52125	3.46807	4.3484	5.0465	5.95009	7.23487	8.73675	10.5504	11.6222	12.8665	14.7378	16.1287	17.7707	19.6434	20.826	22.5255	25.4509	26.9677	28.4611	30.2156	31.2665	32.5738	33.5811	33.5735	33.9462	32.4662	32.365	31.9819	30.9503	28.3879	26.51	24.7703	22.9793	20.2318	19.0217	16.6969	15.0847	12.9359	10.8592	9.46692	8.22672	7.01044	5.22912	4.04108	3.42155	2.66499	2.23284	1.74363	1.39811	1.07791	1.05778	0.664446	0.380751	0.224925	0.26508	0.214961	0.212046	0.0885701	0.0487993	0.0397484	0.0334245	0.0118858	0.027299	0.0258844	0.00365603	0.0020374	0.00226381	0	0	0	0	0	0	0	
0	0	0	0	0	0	0	0	0	0	0	0	0	0	0	0.0107802	0.00800261	0.0198837	0.00220995	0.0839564	0.0986404	0.145998	0.324929	0.316295	0.473066	0.898783	0.996527	1.20304	1.587	1.81965	2.50868	3.15642	4.0185	4.73994	5.84036	7.37234	8.68598	9.97807	11.0555	12.4805	13.784	15.9434	16.5225	18.2576	20.057	22.7178	24.61	25.6067	26.2664	28.623	30.1673	30.3784	30.5773	31.0022	28.8688	29.4432	28.5324	27.6265	26.2439	24.2874	23.334	20.8645	19.0438	17.7267	16.076	13.6139	11.5523	9.96939	8.8152	7.41435	6.64189	5.25803	3.87833	2.98494	2.3395	1.92069	1.86626	1.21325	0.978223	0.832642	0.614698	0.448683	0.329762	0.225621	0.174403	0.147961	0.178139	0.074004	0.0370721	0.0223959	0.00847539	0.0126165	0.00861876	0.0151395	0.00691535	0.000644741	0.00707999	0.0118271	0	0	0	0	0	
0	0	0	0	0	0	0	0	0	0	0	0	0	0	0.00156786	0.0104324	0.0305673	0	0.00385536	0.0331496	0.050458	0.114218	0.158475	0.268071	0.335399	0.638679	0.733357	0.920466	1.15569	1.43059	1.98974	2.76433	3.03656	4.13491	4.87773	6.28285	6.68102	8.17179	9.39998	10.755	11.522	13.3758	14.6693	15.6783	17.6772	19.6748	20.994	23.6492	24.3976	25.8933	25.9577	27.4337	27.1551	27.539	26.2496	26.6299	25.2511	25.0332	24.4306	22.5091	20.9274	19.073	17.2654	16.0487	14.8606	13.5323	11.0788	9.64192	8.15904	6.99372	6.19797	5.05827	3.73879	2.72162	2.23122	1.82256	1.48159	1.12386	1.01647	0.747893	0.648858	0.376203	0.383048	0.232122	0.162893	0.153925	0.21014	0.124376	0.0618593	0.0448797	0.0439183	0.0150659	0.0142728	0.0061546	0.00428484	0.00595679	0	0.00617984	0	0	0	0	0	
0	0	0	0	0	0	0	0	0	0	0	0	0	0	0.002046	0.00293572	0.03153	0	0.00130395	0.0380482	0.0631005	0.0939014	0.0997086	0.172569	0.219816	0.453867	0.520564	0.547522	0.832258	1.02126	1.67613	2.07867	2.37363	2.95693	4.10878	4.77794	5.7508	6.69113	7.72902	8.22191	9.72656	11.4139	12.8976	14.5692	15.6879	16.9628	18.6438	20.469	21.9645	22.2331	23.6444	25.1121	25.1211	24.6329	24.3011	22.6168	23.6675	22.5148	21.4454	20.5491	19.0041	16.1909	15.9217	14.7948	13.5482	11.6443	10.3224	8.89516	7.99804	7.0796	5.41838	4.24326	3.32867	2.5975	2.09054	1.70453	1.39893	0.992452	0.772944	0.521574	0.443537	0.348864	0.37989	0.211379	0.160491	0.100607	0.158267	0.114604	0.0298281	0.0415774	0.0411834	0.0313686	0.00168896	0.000930136	0	0.00330499	0	0.00106343	0	0	0	0	0	
0	0	0	0	0	0	0	0	0	0	0	0	0	0	0	0	0.0176995	0.0148493	0.00402647	0.0168594	0.0602181	0.109955	0.129177	0.128813	0.161492	0.312283	0.319235	0.403728	0.571258	0.942881	1.21536	1.60081	2.05029	2.51589	3.31891	4.07814	4.63147	5.47978	6.45931	7.34649	8.41139	10.1077	11.0762	12.1489	12.9992	14.1781	16.343	17.486	18.8389	19.7173	20.697	22.0847	21.8954	21.6949	21.5239	20.643	19.9943	19.5675	18.4027	17.6142	15.7775	15.7033	13.957	13.2941	11.8334	10.2548	8.25166	7.57967	7.08167	6.16744	5.01856	3.67541	3.03484	2.56818	2.01756	1.47845	1.13531	0.824204	0.607225	0.565764	0.476555	0.399801	0.273483	0.184123	0.133494	0.130268	0.163547	0.106042	0.0322772	0.049401	0.00700645	0.0161592	0.00548587	0.00545329	0.00764617	0.0224591	0.00749534	0.00300938	0	0	0	0	0	
0	0	0	0	0	0	0	0	0	0	0	0	0	0	0	0	0	0.0069517	0.00122697	4.86516e-05	0.0552711	0.0379226	0.0878801	0.0855563	0.161613	0.187331	0.299799	0.326588	0.4332	0.77375	1.01246	1.62627	1.83034	2.10363	2.47406	3.11472	3.75061	4.81619	5.32439	6.1329	6.96755	8.32437	8.96729	10.2247	10.4464	12.3	13.9219	15.5396	15.607	16.6623	17.6693	18.7458	18.7519	19.0643	18.3684	18.2462	17.2052	17.1935	15.9567	15.4625	14.8622	13.5143	12.7216	11.3326	10.3238	9.31453	7.84382	6.85743	5.81474	4.65282	4.30866	3.46497	2.53048	2.10811	1.5674	1.19863	0.91913	0.776282	0.674716	0.604297	0.521637	0.423994	0.25298	0.144553	0.119225	0.111576	0.107227	0.0849072	0.0704181	0.015904	0.00722238	0	0	0.00260015	0.0102385	0.0237656	0.0235445	0.00551466	0.00641994	0.00628078	0	0	0	
0	0	0	0	0	0	0	0	0	0	0	0	0	0	0	0	0	0.00206039	0	0.000977065	0.0253974	0.0333195	0.0244954	0.1033	0.109367	0.128481	0.287448	0.304837	0.355358	0.503746	0.769224	1.33749	1.32622	1.69074	2.24186	2.4994	2.91049	3.4217	4.19206	4.86209	5.84603	6.68415	7.42335	8.47388	9.61161	10.7193	11.6841	13.0169	13.1256	14.3947	15.5723	14.9411	15.6204	16.3435	15.9242	15.0059	14.9037	14.8554	14.7065	13.474	12.6426	12.0114	11.4211	9.99731	8.72576	7.39866	6.27083	5.93786	5.11069	4.20535	3.64417	2.74512	2.27981	1.83244	1.36266	1.18665	0.922164	0.959858	0.753501	0.534776	0.446584	0.289324	0.165666	0.128878	0.0948934	0.0531025	0.117932	0.100192	0.0345584	0.0258731	0.0357269	0.0148179	0.0285757	0.0123385	0.011709	0	0.0164911	0	0	0	0	0	0	
0	0	0	0	0	0	0	0	0	0	0	0	0	0	0	0	0	0.00321432	0	0.00569132	0	0.0218846	0.0283055	0.0814095	0.0532483	0.202937	0.224864	0.185357	0.284023	0.369794	0.45513	0.780788	1.03494	1.31824	1.63132	1.88832	2.3561	2.93663	3.38493	4.0511	4.85198	5.8199	6.13183	6.88875	7.5763	8.54722	10.2116	10.2921	11.214	11.518	12.8541	12.7947	13.221	13.3481	12.5423	12.4877	13.2397	12.7021	12.3709	11.6428	11.3354	10.7771	10.0589	8.71019	7.68626	6.69257	5.47369	4.78398	3.98128	3.52058	3.15957	2.79828	2.16916	1.67374	1.2933	0.994238	0.72755	0.741931	0.604907	0.470553	0.364826	0.24599	0.1951	0.114436	0.0660088	0.0351911	0.0558987	0.0647505	0.0414848	0.030221	0.0315823	0.0173142	0.0427586	0.00598321	0.00384916	0.00172978	0.00477778	0	0	0	0	0	0	
0	0	0	0	0	0	0	0	0	0	0	0	0	0	0	0	0	0	0	0	0	0.0154813	0.0612378	0.0794377	0.0742474	0.0909469	0.103567	0.109155	0.198022	0.277289	0.332323	0.487349	0.794314	1.02625	1.11863	1.44531	1.69479	1.98152	2.51636	2.96308	3.77549	4.60708	4.83987	5.33066	6.808	7.22829	8.20795	8.46026	9.21412	9.32692	10.2673	10.307	11.161	11.1476	10.094	10.9282	11.2946	11.3225	10.3293	9.4474	9.71864	8.96025	7.94962	7.97813	6.6156	5.96248	4.86285	4.11267	3.49421	3.02991	3.04709	2.51901	1.9601	1.55293	1.1111	0.889032	0.670018	0.610685	0.492612	0.26309	0.387205	0.223708	0.153581	0.14072	0.123579	0.0894937	0.0499108	0.0748887	0.0477563	0.0380977	0.0118891	0.0176883	0.0131148	0.00904901	0.00977149	0.00989134	0.00436749	0	0	0	0	0	0	
0	0	0	0	0	0	0	0	0	0	0	0	0	0	0	0	0	0	0	0	0	0.00206302	0.0578264	0.0270609	0.0558709	0.0625457	0.0467909	0.146736	0.111207	0.198587	0.30354	0.325352	0.546753	0.879859	1.03655	1.20734	1.26816	1.82694	1.98889	2.29126	2.8251	3.53752	4.14855	4.58898	5.69674	5.79713	6.26485	6.52133	7.36484	7.94428	8.67109	8.52951	9.18184	9.10225	9.81968	9.77989	9.59892	9.45441	8.65166	8.22747	8.23329	7.59602	6.87154	6.24629	5.69378	5.05733	3.82783	3.63794	3.15707	2.65073	2.3163	2.009	1.61829	1.31292	1.10882	0.928857	0.69892	0.518832	0.414692	0.277012	0.271424	0.150067	0.174946	0.136531	0.0846109	0.0512724	0.0542785	0.0779465	0.0443884	0.047595	0.0215679	0.0199168	0.0251898	0.005356	0.0260515	0.0182492	0.0210564	0.00953536	0	0	0	0	0	
0	0	0	0	0	0	0	0	0	0	0	0	0	0	0	0	0	0	0	0	0	0.00413133	0.0198001	0.0428745	0.0204482	0.0495483	0.0380525	0.148889	0.0936567	0.275967	0.217623	0.233194	0.321407	0.637972	0.80941	1.04357	1.35181	1.50287	1.50026	1.86789	2.29227	2.63579	3.27401	3.78438	4.8709	4.80977	5.29614	5.4535	6.35447	6.6503	7.32061	7.76271	7.54439	7.83891	7.80303	7.9017	8.02188	8.10313	7.70737	6.84026	6.24899	6.66917	5.31228	4.85667	4.7606	4.35623	3.65	3.25862	2.7365	2.11043	2.09246	1.53874	1.41864	1.19602	0.917277	0.866677	0.628006	0.427376	0.375128	0.217937	0.238639	0.130043	0.12699	0.115926	0.0646851	0.0612209	0.0297051	0.0236724	0.0189266	0.0303214	0.00422886	0.0151298	0.00928366	0.00282952	0.00145108	0.00703909	0	0.00816197	0	0	0	0	0	
0	0	0	0	0	0	0	0	0	0	0	0	0	0	0	0	0	0	0	0	0	0.0280998	0.000107889	0.0246673	0.0236225	0.0457494	0.0561186	0.0916533	0.082198	0.140578	0.263499	0.253187	0.272217	0.494674	0.625225	0.830022	0.992949	1.1173	1.08825	1.34547	2.07063	2.55065	2.46674	3.10941	3.54062	3.73036	3.73695	4.66191	5.1127	5.77395	5.7633	6.28019	6.3796	6.88643	6.75888	6.57641	6.18033	6.35299	6.32872	6.24668	5.17346	5.37243	4.65744	4.42481	4.13031	3.49057	3.13697	2.73217	2.25449	1.7178	1.53733	1.54894	1.21628	0.972148	0.780808	0.66213	0.582966	0.425452	0.264943	0.197948	0.138186	0.111959	0.106345	0.0741881	0.0444131	0.0344072	0.0101506	0.0040163	0.0190222	0.0188003	0.0059837	0.0165215	0.00936372	0.00417902	0.00335286	0.00392464	0	0.00316836	0.000948604	0.00389596	0	0	0	
0	0	0	0	0	0	0	0	0	0	0	0	0	0	0	0	0	0	0	0	0.00501429	0.0447254	0.00979493	0.0409422	0.0442049	0.0214402	0.0209011	0.0285383	0.0470371	0.0548379	0.142076	0.227247	0.178756	0.339498	0.439892	0.60967	0.680573	0.865909	0.920211	1.17101	1.26055	1.55971	2.0207	2.20606	2.59388	2.91519	3.508	4.13341	4.36729	4.49599	4.46425	5.07799	5.32895	5.56953	5.52563	5.16982	5.01898	5.12254	5.12617	4.66867	4.64428	4.58671	4.21678	3.59831	3.21814	2.88554	2.77998	2.26337	1.81464	1.33881	1.18299	1.02132	0.976474	0.865752	0.664778	0.484803	0.585805	0.39125	0.19993	0.167705	0.0959661	0.0851489	0.0623374	0.040485	0.027245	0.0136242	0.0163477	0.00183338	0.0159188	0.0103298	0.00988465	0.00359329	0	0	0.00482311	0.000280561	0	0	0.000771257	0.0118321	0	0	0	
0	0	0	0	0	0	0	0	0	0	0	0	0	0	0	0	0	0	0	0	0.00169426	0.00654413	0.000176144	0.0150489	0.0148461	0.01926	0.0222368	0.0209017	0.0379275	0.0657617	0.0521462	0.0794267	0.125378	0.223636	0.344674	0.391395	0.485719	0.591901	0.70591	0.863088	0.982417	1.27189	1.41191	1.7333	2.03009	2.15538	2.46034	3.19991	3.67108	3.51689	3.85495	3.85783	4.18408	4.0551	4.15403	4.23962	3.95206	3.96485	4.05375	3.58955	3.7039	3.68887	3.53938	3.17193	2.43677	2.42983	2.17737	2.02265	1.62734	1.21941	1.12799	1.27418	0.889812	0.867529	0.736764	0.473841	0.336456	0.248871	0.196777	0.191382	0.163256	0.110415	0.123232	0.0713806	0.0887667	0.0544032	0.0286771	0.0153978	0.0251477	0.0201517	0.0123684	0.00540982	0.000535644	0	0.00384051	0	0	0	0.0037087	0.00345769	0.00208804	0	0	
0	0	0	0	0	0	0	0	0	0	0	0	0	0	0	0	0	0	0	0	0	0	0	0	0.000212364	0.0205197	0.0132969	0.000637038	0.00595286	0.029173	0.0263301	0.0555413	0.0910331	0.168578	0.187277	0.322666	0.376938	0.413361	0.47869	0.714196	0.619125	0.894435	1.12448	1.1704	1.44235	1.46896	2.09443	2.52698	2.59307	2.73952	2.92297	3.11607	3.26822	3.13454	3.66563	3.74858	3.31862	3.01578	2.95946	2.75183	2.87846	2.98961	2.48615	2.45192	2.03835	1.98667	1.79181	1.39292	1.16993	1.10955	1.00282	0.862273	0.577035	0.549703	0.418645	0.425401	0.315665	0.221962	0.168242	0.0909491	0.152659	0.0588179	0.0936101	0.0791013	0.0502663	0.020432	0.0154494	0.0133209	0.0131882	0.0209853	0.00930751	0.00626037	0.00101484	0	0.00426035	0.0124115	0	0	0.00107544	0.00623613	0.00236894	0	0	
0	0	0	0	0	0	0	0	0	0	0	0	0	0	0	0	0	0	0	0	0	0	0	0	0.00260337	0.0133065	0.00714988	0.0115762	0.00139157	0.0310662	0.0118057	0.0381435	0.0560809	0.113274	0.0808666	0.209095	0.246	0.358733	0.389148	0.39242	0.503411	0.636771	0.78282	0.925259	0.975279	1.35005	1.65984	1.99142	2.05259	2.28306	2.3892	2.4631	2.34344	2.77964	2.64289	2.5508	2.62203	2.3482	2.04852	2.14112	2.21224	2.12244	1.92703	1.91849	1.53845	1.38899	1.43569	1.12425	0.814286	0.7463	0.636116	0.616847	0.444309	0.436455	0.277714	0.278178	0.215442	0.197772	0.0968151	0.0830772	0.142797	0.0654596	0.057812	0.0422646	0.0338654	0.0252587	0.0173453	0.0304607	0.0142983	0.00157124	0.000680059	0	0	0	0	0.0041564	0.000223802	0.000852251	0.00486308	0.0173702	0	0	0	
0	0	0	0	0	0	0	0	0	0	0	0	0	0	0	0	0	0	0	0	0	0	0	0	0	0.00172138	0.00556903	0.0133768	0.0035672	0.00898133	0.0196581	0.00602959	0.0347037	0.0663381	0.0471775	0.127357	0.107181	0.181304	0.292158	0.35165	0.42154	0.485232	0.52559	0.625006	0.777815	0.909755	1.31425	1.54886	1.77917	1.67426	1.81592	1.72614	1.86289	1.87036	1.79017	2.07933	1.97325	1.97563	1.5832	1.81441	1.85394	1.75871	1.67358	1.55664	1.24304	1.23206	1.06037	0.87744	0.632151	0.539801	0.496286	0.468363	0.348847	0.319277	0.295698	0.261912	0.182349	0.119072	0.0573239	0.109595	0.0853267	0.0517098	0.0609959	0.0313937	0.0224788	0.00529293	0.0448647	0.0175092	0.0309747	0.000379121	0.009671	0	0	0	0	0	0	0	0	0.000293923	0	0	0	
0	0	0	0	0	0	0	0	0	0	0	0	0	0	0	0	0	0	0	0	0	0	0	0	0	0	0.0143907	0.00520961	0.0114261	0.00744289	0.00272485	0.0249865	0.0190551	0.0175303	0.0684595	0.116872	0.131301	0.142813	0.170466	0.162534	0.29084	0.336144	0.429343	0.3613	0.522022	0.797085	0.795379	1.0587	1.25322	1.36962	1.15212	1.37018	1.57258	1.60492	1.52914	1.54438	1.53442	1.39739	1.22784	1.21753	1.35946	1.20492	1.40314	1.3395	1.11374	1.05937	0.919376	0.715029	0.620522	0.499806	0.447174	0.367112	0.299052	0.249342	0.228465	0.20368	0.159346	0.0860363	0.0754249	0.0759745	0.023156	0.0398863	0.0444685	0.00364833	0.0096319	0.0043019	0.0127918	0.00521595	0.0178232	0.00532259	0.00610563	0	0	0	0	0	0	0	0	0	0	0	0	
0	0	0	0	0	0	0	0	0	0	0	0	0	0	0	0	0	0	0	0	0	0	0	0	0	0	0.000233211	0.00390269	0	0.000765002	0.000704035	0.0093869	0.00193909	0.0280603	0.0534944	0.0911578	0.162434	0.101558	0.207961	0.119431	0.2605	0.287518	0.281349	0.271088	0.465253	0.614684	0.60614	0.755599	0.763845	0.808063	0.923124	1.15932	1.36066	1.26115	1.23934	1.24202	1.32058	1.2143	1.10869	1.1008	0.994451	0.922224	0.826556	0.934562	0.865406	0.763449	0.712294	0.583099	0.510455	0.383631	0.341551	0.274524	0.220746	0.17383	0.215471	0.0974538	0.107742	0.0598127	0.0104513	0.0183139	0.0222375	0.0180144	0.0196865	0.0146754	0.0141057	0.0160649	0.000889329	0.00842739	0.00150789	0	0.000712093	0	0	0	0	0	0	0	0	0	0	0	0	
0	0	0	0	0	0	0	0	0	0	0	0	0	0	0	0	0	0	0	0	0	0	0	0	0	0	0.00508256	0.00024253	0	0	0	0.00571271	0.00620021	0.0290473	0.0208749	0.0236229	0.0635748	0.0811308	0.124019	0.115913	0.134356	0.228996	0.232571	0.273767	0.35793	0.372767	0.467367	0.512912	0.650971	0.612358	0.646793	0.782294	0.851843	0.744758	0.914944	1.01078	1.05737	0.978341	0.996427	0.803621	0.601046	0.640004	0.68902	0.659761	0.529872	0.513472	0.399221	0.44756	0.432237	0.448234	0.307665	0.250497	0.174899	0.0843945	0.134065	0.0653316	0.0994314	0.0790179	0.0225488	0.0110425	0.00778493	0	0.00905098	0	0	0.00251065	0	0.000539041	0.000841125	0.00661529	0.00410055	0	0	0	0	0	0	0	0	0	0	0	0	
0	0	0	0	0	0	0	0	0	0	0	0	0	0	0	0	0	0	0	0	0	0	0	0	0	0	0.000333089	0.014545	0	0	0	0	0	0.012323	0.0052933	0.0153693	0.0239331	0.0382412	0.0947047	0.109458	0.0588022	0.0826051	0.146557	0.209171	0.257795	0.286271	0.320368	0.314848	0.43169	0.499966	0.420873	0.522094	0.55763	0.63616	0.720709	0.695262	0.854417	0.674818	0.718813	0.505319	0.548171	0.55218	0.456636	0.460123	0.406293	0.385252	0.328226	0.290603	0.259466	0.269068	0.28223	0.23496	0.127759	0.11387	0.139462	0.0515318	0.0600071	0.0642767	0.0332367	0.0371287	0.0182754	0	0	0	0	0	0	0	0	0	0	0	0	0	0	0	0	0	0	0	0	0	0	
0	0	0	0	0	0	0	0	0	0	0	0	0	0	0	0	0	0	0	0	0	0	0	0	0	0	0	0	0	0	0	0	0	0.00274549	0	0.0119435	0.0102356	0.0511181	0.0606154	0.0708172	0.043781	0.0542005	0.0516179	0.109644	0.175693	0.15423	0.33155	0.259882	0.211977	0.311357	0.338544	0.362762	0.395171	0.61887	0.522575	0.541566	0.650347	0.52037	0.4643	0.338737	0.284196	0.423505	0.359393	0.320156	0.263673	0.284903	0.252098	0.175317	0.21999	0.250161	0.244387	0.22773	0.0786487	0.0730948	0.0723965	0.028519	0.01276	0.0546853	0.0345256	0.0401141	0.00179811	0	0	0	0	0	0	0	0	0	0	0	0	0	0	0	0	0	0	0	0	0	0	
0	0	0	0	0	0	0	0	0	0	0	0	0	0	0	0	0	0	0	0	0	0	0	0	0	0	0	0	0	0	0	0	0	0.00413552	0	0.00445739	0.0120161	0.00211201	0.0335949	0.0496905	0.034135	0.0238004	0.0234963	0.0534137	0.118549	0.113006	0.18024	0.193865	0.111772	0.211512	0.256173	0.367518	0.284294	0.326517	0.439835	0.505456	0.425009	0.356013	0.335794	0.220298	0.365781	0.240821	0.196695	0.247645	0.184125	0.173453	0.202423	0.252092	0.151925	0.176327	0.161916	0.142077	0.0726617	0.0512235	0.0490194	0.0418945	0.0365886	0.0353433	0.00978253	0.00760348	0.0126031	0	0.00654417	0	0	0	0	0	0	0	0	0	0	0	0	0	0	0	0	0	0	0	0	
0	0	0	0	0	0	0	0	0	0	0	0	0	0	0	0	0	0	0	0	0	0	0	0	0	0	0	0	0	0	0	0	0	0	0	0.0115274	0.015759	0.0018146	0.00859713	0.0487821	0.0238618	0.0118505	0.0513016	0.0545844	0.0749798	0.109211	0.148389	0.0875769	0.10507	0.195837	0.204671	0.239312	0.298836	0.290242	0.306436	0.384191	0.233595	0.228765	0.206923	0.255404	0.287663	0.195607	0.14924	0.152174	0.122544	0.15442	0.158155	0.131976	0.174047	0.225746	0.108653	0.105045	0.0679049	0.0396579	0.0749474	0.0468538	0.0510285	0.0135966	0.0117376	0.00389919	0.00528171	0.00431116	0.0193284	0.00160069	0	0	0	0	0	0	0	0	0	0	0	0	0	0	0	0	0	0	0	
0	0	0	0	0	0	0	0	0	0	0	0	0	0	0	0	0	0	0	0	0	0	0	0	0	0	0	0	0	0	0	0	0	0	0	0.00209595	0.00355867	0.00314665	0.0170733	0.0269578	0.0237115	0.023349	0.0359246	0.0376707	0.0316605	0.0551322	0.0993508	0.0832031	0.0845664	0.110273	0.119385	0.128284	0.193208	0.141162	0.12617	0.146955	0.170917	0.244833	0.140389	0.216487	0.238101	0.140027	0.100986	0.0948866	0.111553	0.108074	0.134793	0.124037	0.120294	0.186491	0.0718853	0.0693912	0.0304962	0.0308971	0.0547897	0.0440763	0.014684	0.0139343	0.0101741	0.00616389	0.00107467	0.00304609	0.00998665	0.00111262	0	0	0	0	0	0	0	0	0	0	0	0	0	0	0	0	0	0	0	
0	0	0	0	0	0	0	0	0	0	0	0	0	0	0	0	0	0	0	0	0	0	0	0	0	0	0	0	0	0	0	0	0	0	0	0	0.00214456	0.000348761	0.000747053	0.0115469	0	0.000284964	0.0118688	0.01099	0.0289801	0.0355092	0.0382637	0.0612499	0.0793253	0.0606449	0.0870101	0.0908165	0.0806598	0.10668	0.0766338	0.127097	0.100211	0.119349	0.105963	0.144543	0.101362	0.0927922	0.0746627	0.0616925	0.079158	0.0399338	0.0519064	0.0481223	0.0716893	0.0732325	0.0617245	0.0396191	0.0357403	0.0239596	0.0399061	0.037462	0.0125567	0.00816217	0.00457883	0.00103575	0.0021629	0.00371456	0	0	0	0	0	0	0	0	0	0	0	0	0	0	0	0	0	0	0	0	0	
0	0	0	0	0	0	0	0	0	0	0	0	0	0	0	0	0	0	0	0	0	0	0	0	0	0	0	0	0	0	0	0	0	0	0	0	0	0	0	0	0	0	0	0	0.00882319	0.0129432	0.0239579	0.0374389	0.0407537	0.0799362	0.0695085	0.0554377	0.0913245	0.0922766	0.0715516	0.0532578	0.0602368	0.0827336	0.0775378	0.0685612	0.0835218	0.0501469	0.0585046	0.027487	0.0461195	0.0783816	0.0326296	0.0417707	0.0543047	0.0441939	0.0491085	0.0409714	0.0290623	0.0058874	0.0313691	0.0145177	0.00169176	0.0114618	0.00770124	0.00712817	0	0	0	0	0	0	0	0	0	0	0	0	0	0	0	0	0	0	0	0	0	0	0	
0	0	0	0	0	0	0	0	0	0	0	0	0	0	0	0	0	0	0	0	0	0	0	0	0	0	0	0	0	0	0	0	0	0	0	0	0	0	0	0	0	0	0	0.00135917	0.0144659	0.00731703	0.00900594	0.0362651	0.0240626	0.0419211	0.0218041	0.024555	0.0166574	0.0381838	0.0774941	0.0246301	0.0412116	0.0589181	0.0366404	0.00915506	0.0285402	0.0121482	0.0307984	0.038574	0.051308	0.052722	0.0365603	0.0292143	0.0572438	0.0487319	0.0279005	0.0347473	0.0237864	0.033768	0.0116799	0.0152792	0	0.0104714	0.0118295	0.00281318	0.00593791	0.00126289	0	0	0	0	0	0	0	0	0	0	0	0	0	0	0	0	0	0	0	0	0	
0	0	0	0	0	0	0	0	0	0	0	0	0	0	0	0	0	0	0	0	0	0	0	0	0	0	0	0	0	0	0	0	0	0	0	0	0	0	0	0	0	0	0	0.00507629	0.0150412	0	0.000222455	0.00320338	0.00688942	0.00596831	0.0108102	0.0339099	0.0141189	0.0201034	0.0406661	0.0202259	0.0682658	0.0461176	0.0201587	0.0512886	0.0444447	0.0269603	0.0518663	0.031815	0.0385401	0.0128636	0.00973415	0.013704	0.0667749	0.0721826	0.0181655	0.026299	0.0285026	0.0142181	0.0105203	0.00780104	0	0.0154725	0.0255641	0.00651974	0.0094152	0	0	0	0	0	0	0	0	0	0	0	0	0	0	0	0	0	0	0	0	0	0	
0	0	0	0	0	0	0	0	0	0	0	0	0	0	0	0	0	0	0	0	0	0	0	0	0	0	0	0	0	0	0	0	0	0	0	0	0	0	0	0	0	0	0	0	0.0049499	0	0.000979983	0.00143289	0	0.00248885	0.00417755	0.00702777	0.00396724	0.00457382	0.023638	0.0346382	0.0518	0.0181562	0.071751	0.0613843	0.0178072	0.00938881	0.0366497	0.0128498	0.0137579	0.015767	0.00888108	0.00795659	0.00037781	0.0212932	0.0066129	0.0371312	0.0139738	0.0111487	0.0011065	0.005041	0.00311211	0.00533004	0.00514357	0	0	0	0	0	0	0	0	0	0	0	0	0	0	0	0	0	0	0	0	0	0	0	0	
0	0	0	0	0	0	0	0	0	0	0	0	0	0	0	0	0	0	0	0	0	0	0	0	0	0	0	0	0	0	0	0	0	0	0	0	0	0	0	0	0	0	0	0	0	0	0	0	0	0.00143853	0.00504418	0.00275544	9.10727e-05	0.000356403	0.0015277	0.00593669	0.0139094	0.0121685	0.0280579	0.00461626	0.00552243	0.00752194	0.0186856	0.004687	0.0205914	0.0143013	0.0140474	0.00233904	0.00700204	0.0113005	0	0.0262992	0.00708275	0.00245261	0.00105765	0.00289949	0	0	0	0	0	0	0	0	0	0	0	0	0	0	0	0	0	0	0	0	0	0	0	0	0	0	0	
0	0	0	0	0	0	0	0	0	0	0	0	0	0	0	0	0	0	0	0	0	0	0	0	0	0	0	0	0	0	0	0	0	0	0	0	0	0	0	0	0	0	0	0	0	0	0	0	0	0	0	0	0	0	0	0.0133084	0.00668656	0	0.0075472	0.00197702	0.00746213	0.0207115	0.0121725	0.0335224	0.00922575	0.0134381	0.0180305	0.0182799	0.00727302	0.00209763	0.00625964	0.0215843	0.000775384	0	0	0	0	0	0	0	0	0	0	0	0	0	0	0	0	0	0	0	0	0	0	0	0	0	0	0	0	0	0	
0	0	0	0	0	0	0	0	0	0	0	0	0	0	0	0	0	0	0	0	0	0	0	0	0	0	0	0	0	0	0	0	0	0	0	0	0	0	0	0	0	0	0	0	0	0	0	0	0	0	0	0	0	0	0.00161207	0.000813949	0	0	0	0	5.34707e-05	0.00830898	0.00408793	0.00386801	0.0179036	0.0229014	0.000348907	0.00156825	0.00719199	0.00186353	0.00927348	0.00539195	0.00191039	0	0	0	0	0	0	0	0	0	0	0	0	0	0	0	0	0	0	0	0	0	0	0	0	0	0	0	0	0	0	
0	0	0	0	0	0	0	0	0	0	0	0	0	0	0	0	0	0	0	0	0	0	0	0	0	0	0	0	0	0	0	0	0	0	0	0	0	0	0	0	0	0	0	0	0	0	0	0	0	0	0	0	0	0	0	0	0	0	0	0	0	0.000714496	0	0.0012297	0.00194313	0	0	0	0.00280135	0.000435776	0	0.00337248	0	0	0	0	0	0	0	0	0	0	0	0	0	0	0	0	0	0	0	0	0	0	0	0	0	0	0	0	0	0	0	
0	0	0	0	0	0	0	0	0	0	0	0	0	0	0	0	0	0	0	0	0	0	0	0	0	0	0	0	0	0	0	0	0	0	0	0	0	0	0	0	0	0	0	0	0	0	0	0	0	0	0	0	0	0	0	0	0	0	0	0	0	0.0070642	0.00134757	0.00328328	0	0	0	0	0	0.00235127	0	0	0	0	0	0	0	0	0	0	0	0	0	0	0	0	0	0	0	0	0	0	0	0	0	0	0	0	0	0	0	0	0	
0	0	0	0	0	0	0	0	0	0	0	0	0	0	0	0	0	0	0	0	0	0	0	0	0	0	0	0	0	0	0	0	0	0	0	0	0	0	0	0	0	0	0	0	0	0	0	0	0	0	0	0	0	0	0	0	0	0	0	0	0	0.00402269	0.00406292	0.000273705	0.00411392	0	0	0	0	0.0014204	0.00388396	0	0	0	0	0	0	0	0	0	0	0	0	0	0	0	0	0	0	0	0	0	0	0	0	0	0	0	0	0	0	0	0	
0	0	0	0	0	0	0	0	0	0	0	0	0	0	0	0	0	0	0	0	0	0	0	0	0	0	0	0	0	0	0	0	0	0	0	0	0	0	0	0	0	0	0	0	0	0	0	0	0	0	0	0	0	0	0	0	0	0	0	0	0	0	0	0	0.00617971	0.00148662	0.00456358	0	0.000755382	0.000139892	0	0	0	0	0	0	0	0	0	0	0	0	0	0	0	0	0	0	0	0	0	0	0	0	0	0	0	0	0	0	0	0	0	
0	0	0	0	0	0	0	0	0	0	0	0	0	0	0	0	0	0	0	0	0	0	0	0	0	0	0	0	0	0	0	0	0	0	0	0	0	0	0	0	0	0	0	0	0	0	0	0	0	0	0	0	0	0	0	0	0	0	0	0	0	0	0	0	0.00545626	0.00173665	0.00326814	0.00105822	0.00343963	0.00457094	0	0	0	0	0	0	0	0	0	0	0	0	0	0	0	0	0	0	0	0	0	0	0	0	0	0	0	0	0	0	0	0	0	
0	0	0	0	0	0	0	0	0	0	0	0	0	0	0	0	0	0	0	0	0	0	0	0	0	0	0	0	0	0	0	0	0	0	0	0	0	0	0	0	0	0	0	0	0	0	0	0	0	0	0	0	0	0	0	0	0	0	0	0	0	0	0	0	0	0	0	0	0.000750199	0.00150595	0	0	0	0	0	0	0	0	0	0	0	0	0	0	0	0	0	0	0	0	0	0	0	0	0	0	0	0	0	0	0	0	0	
